0x0000,0x0021,0x0022,0x0023,0x0024,0x0025,0x0026,0x0027,0x0028,0x0029,0x002a,0x002b,0x002c,0x002d,0x002e,0x002f,0x0030,0x0031,0x0032,0x0033,0x0034,0x0035,0x0036,0x0037,0x0038,0x0039,0x003a,0x003b,0x003c,0x003d,0x003e,0x003f,0x0040,0x0041,0x0042,0x0043,0x0044,0x0045,0x0046,0x0047,0x0048,0x0049,0x004a,0x004b,0x004c,0x004d,0x004e,0x004f,0x0050,0x0051,0x0052,0x0053,0x0054,0x0055,0x0056,0x0057,0x0058,0x0059,0x005a,0x005b,0x005c,0x005d,0x005e,0x005f,0x0060,0x0061,0x0062,0x0063,0x0064,0x0065,0x0066,0x0067,0x0068,0x0069,0x006a,0x006b,0x006c,0x006d,0x006e,0x006f,0x0070,0x0071,0x0072,0x0073,0x0074,0x0075,0x0076,0x0077,0x0078,0x0079,0x007a,0x007b,0x007c,0x007d,0x007e
0x0021,0.0000,8.6583,50.3980,44.9860,155.9645,73.2152,6.7315,2.5702,2.7105,23.8632,8.4145,2.4159,16.7705,6.9253,0.3238,6.3319,0.5028,3.5996,5.0460,3.5883,2.6633,5.7266,1.8907,3.7044,2.1216,1.0884,0.9203,32.4993,41.7129,42.7614,6.8417,80.7019,2.8787,2.3666,4.1504,2.4740,2.3020,7.7234,6.1172,6.8693,0.5556,1.5697,9.1644,2.9466,2.4191,5.3602,5.2445,5.5773,6.7421,5.4998,2.4952,0.7303,8.1034,7.8984,7.9345,1.9176,2.2777,2.0853,2.1436,1.5062,3.1387,45.0747,112.9521,1.0684,7.8777,4.1402,3.2856,2.7689,6.6375,1.3848,1.5249,7.0624,0.9237,1.6822,5.5546,0.6294,4.7019,10.9724,12.0585,5.7913,8.4010,7.5392,5.9728,3.8402,10.8852,9.8028,12.5625,2.8362,1.1831,4.1661,8.0881,0.1899,18.1107,74.1521
0x0022,8.6583,0.0000,413.1077,119.7522,224.4571,415.9069,1.0265,53.3443,68.4101,3.1420,54.6122,2.6536,2.7810,1.3360,489.0355,1.2883,2.2768,2.9748,1.6628,2.3651,2.5172,1.7300,2.7326,1.8175,1.5295,17.4078,65.8680,18.2401,86.9311,30.4027,82.8035,275.7261,2.8366,2.4275,5.2532,3.6482,0.8545,1.6513,1.5960,3.3070,1.9858,5.3766,11.6770,2.1694,4.7949,5.6460,1.9173,2.1653,1.7537,5.8429,1.1283,3.9321,1.1204,3.7763,17.0261,11.9379,4.9989,3.3308,184.5983,177.8670,212.3947,17.5472,24.6327,0.7503,2.5123,2.0879,1.9690,3.0547,2.9819,1.7784,3.9419,2.9144,2.1874,3.5402,2.9745,4.3535,2.0656,2.0955,3.9942,2.8329,1.5038,3.2442,1.9162,2.6322,1.6392,2.3335,2.1345,0.6031,6.0878,1.0656,434.3375,61.1893,377.6017,7.3670
0x0023,50.3980,413.1077,0.0000,2.7949,5.1060,9.6428,8.3096,6.8630,5.6755,0.5846,2.5206,7.4942,32.0174,4.6984,1.0160,5.7608,20.2894,2.8755,5.5609,3.8391,5.9941,6.7822,6.6859,6.3327,4.2579,3.9656,4.2023,4.4423,4.8581,6.5690,6.2168,18.9866,6.8165,12.0075,4.8089,6.9143,5.6733,14.2883,8.3281,5.4608,8.5949,13.8459,6.0449,57.8241,6.5899,7.8636,3.4329,10.3226,5.9055,8.6681,6.2059,25.3655,5.9297,7.4128,5.7796,5.6395,13.1137,4.7794,5.4664,3.0048,4.4319,7.0767,4.0517,3.7607,10.4717,8.3588,8.2208,7.3240,10.5734,13.9117,2.6861,10.9290,18.2471,35.3388,10.3589,27.3142,8.5154,18.2126,5.7194,5.7486,8.4297,46.4593,16.4391,5.6271,12.5101,10.8369,5.9607,9.7491,12.0176,13.4667,9.0319,2.6052,12.4232,5.8470
0x0024,44.9860,119.7522,2.7949,0.0000,0.7924,3.9675,4.4622,1.8629,2.7219,0.8171,4.0239,4.8081,14.6476,1.9156,4.8576,7.4384,15.1392,6.0818,5.5407,4.4575,1.8723,5.7135,12.3575,1.8887,2.6438,2.2657,0.8988,1.5225,1.7403,0.9527,5.7699,10.0023,5.2900,3.6209,3.2904,7.0074,7.4306,11.5489,6.3091,3.6770,4.6279,6.1973,2.9590,10.7027,4.0117,2.3816,5.8901,16.6784,1.8759,6.9582,1.0145,20.4941,3.3682,12.4959,5.0684,3.4258,14.5028,5.0364,4.9650,1.4732,3.1657,4.6957,17.8723,1.9173,11.8054,5.5950,8.1329,12.3691,24.8607,16.9378,4.1855,4.5530,9.2745,12.3576,4.6061,29.3382,20.6499,9.4700,9.3995,4.1118,4.6573,40.9938,0.7585,14.5826,11.5551,16.5563,18.7546,5.2880,5.5379,19.2217,8.1585,1.5560,10.9134,5.0637
0x0025,155.9645,224.4571,5.1060,0.7924,0.0000,5.8718,2.0218,5.1730,6.5709,0.1197,1.7642,1.0790,7.4643,4.5155,9.6883,2.7026,20.1584,6.3593,2.9766,6.5707,4.5992,4.2604,18.6783,1.9343,3.7450,19.2875,4.8769,2.8659,2.3833,7.1208,4.5133,7.4861,5.3239,1.6783,9.2472,5.1204,6.2663,17.1618,4.6271,2.7122,13.3653,12.1781,3.5362,26.8729,2.4831,1.0935,4.7612,19.8261,5.6362,3.2503,3.9512,29.6635,4.6185,5.7351,1.8250,4.7345,3.7735,4.2629,11.4305,3.9149,19.4007,4.0716,2.4571,8.3687,7.4436,8.4217,7.9267,9.7492,6.7020,24.6350,4.7648,4.4084,21.2915,23.2832,5.5623,28.2499,30.5947,8.7356,12.2387,11.1249,5.9601,99.2112,6.8668,14.0850,5.0120,29.6722,7.0199,5.6990,5.3296,19.7447,16.6623,11.7921,17.1652,1.1740
0x0026,73.2152,415.9069,9.6428,3.9675,5.8718,0.0000,6.3741,2.9170,2.1986,3.9308,2.2944,11.2717,5.9277,16.8832,7.8416,1.2105,9.8964,5.7847,3.6191,6.4632,3.3690,1.0395,32.5127,0.5650,5.2973,4.0513,1.3099,3.0572,1.9400,2.2745,4.8494,3.6891,3.5311,1.0688,7.8684,1.4698,1.5413,5.3847,2.1153,2.5055,13.5540,3.5859,2.2107,8.9966,1.5231,1.1598,0.6981,10.2979,1.5763,1.3131,3.7069,46.1594,1.2742,13.0948,6.1776,5.7378,34.1848,7.9499,5.2135,6.5014,4.1353,2.0751,8.9675,8.1661,6.4462,10.8204,9.8078,9.2620,4.5947,34.7468,1.4343,5.0303,16.4866,20.9421,3.8601,28.1778,19.3964,6.9002,14.8369,4.3748,8.3172,56.7521,8.3565,23.5158,6.5206,31.6882,18.6394,20.4788,15.3480,21.9809,5.9405,4.6577,2.7150,1.4199
0x0027,6.7315,1.0265,8.3096,4.4622,2.0218,6.3741,0.0000,941.7504,1042.8812,330.6393,1101.3744,0.0553,16.7843,1.4739,4560.7061,3.5689,4.4005,6.2726,5.5600,1.8500,5.4435,6.9390,1.2504,3.7837,8.4385,67.7317,207.1173,2106.5764,336.2618,1762.1146,2190.8892,6929.9976,1.1560,11.1473,2.5321,1.8846,5.1261,14.4633,2.2487,2.7512,5.3496,1.6351,3.3906,10.1789,1.6600,1.5538,2.2065,6.2769,4.5812,5.5460,5.1961,3.7653,2.8146,2.4813,5.3670,2.8514,0.9197,8.1708,1689.8110,10375.3799,1214.1951,150.9950,215.0685,0.9873,6.9531,2.5973,3.2774,1.3752,1.3606,3.8886,2.2991,3.9134,7.4745,1.0069,16.6987,4.7574,1.6238,3.5627,3.0016,3.7493,3.6434,3.7663,5.1899,2.9915,2.7809,0.7453,5.3439,2.4932,1.0693,7.3539,3422.1804,1320.0419,5128.6606,68.6049
0x0028,2.5702,53.3443,6.8630,1.8629,5.1730,2.9170,941.7504,0.0000,23.7960,11.7654,7.2395,3.5970,7.4287,1.4286,1.5548,4.1872,3.7361,2.4618,6.1677,4.7243,4.0024,9.1215,11.6347,1.1653,3.1349,1.4145,2.5056,3.5071,24.6430,19.3104,12.0434,68.0429,2.5563,1.5310,0.3527,6.9037,3.9691,5.9470,7.5168,4.2133,0.7826,4.3644,4.0466,1.7241,2.7402,3.1635,10.0206,2.9256,4.0085,1.5695,6.4152,2.8497,1.9517,2.0021,3.9577,5.1179,2.5127,2.6378,0.1360,1.4080,12.8097,9.8826,32.9232,1.8328,8.6925,3.2705,7.8941,3.5725,20.6316,4.7381,2.2240,7.4361,3.5519,3.9550,5.3595,0.8216,15.5915,13.8953,11.0859,3.3202,4.4031,23.0943,5.2444,2.7558,9.7036,14.4197,5.1983,12.6134,8.6021,9.1309,0.1428,0.3394,37.7940,19.8239
0x0029,2.7105,68.4101,5.6755,2.7219,6.5709,2.1986,1042.8812,23.7960,0.0000,6.2932,8.8991,0.5262,4.2407,1.9393,1.9169,5.5148,0.8745,3.2412,4.6080,5.7724,4.7036,3.2955,0.2574,2.5447,2.1741,2.9639,0.3231,31.2122,16.9741,1.9564,5.1768,26.2051,6.2951,4.1844,5.1457,8.0833,2.6776,8.5980,4.7297,4.3896,0.4179,0.3744,3.2155,4.4890,2.6701,3.2564,4.3925,9.0927,1.3758,7.3031,7.1399,3.6139,6.5099,5.0437,5.2178,4.2880,6.5434,0.9214,8.9292,2.2738,0.2578,5.9969,25.9006,2.7460,6.9568,2.7161,11.8623,2.1342,7.4474,7.4708,0.8879,4.8991,2.9175,0.3690,5.4940,2.8811,15.2304,15.6938,13.9196,4.4148,1.9444,27.1615,12.7549,14.6400,15.0157,7.7830,9.6900,9.5373,1.3639,6.0209,47.1276,0.4315,0.1535,43.1281
0x002a,23.8632,3.1420,0.5846,0.8171,0.1197,3.9308,330.6393,11.7654,6.2932,0.0000,3.2700,2.2328,1.8485,4.8054,39.6164,1.0461,5.2642,1.4382,1.9721,1.6423,1.6507,2.1793,1.8221,0.7227,1.0829,20.2144,30.9472,17.2379,6.9471,14.0806,16.1124,35.3061,0.9970,1.7483,2.2258,2.6152,1.6637,2.4117,2.7780,0.7022,3.3940,4.4082,1.5150,6.0607,4.5681,1.4693,1.2295,2.7287,2.2059,1.4076,1.1489,3.4092,1.4405,2.1570,1.0596,3.0960,1.3487,2.4132,31.9937,56.9151,24.3690,4.5794,3.8321,1.2684,0.7297,3.6968,1.3588,2.2891,5.1783,2.2765,2.0345,3.1978,2.9472,6.9799,1.0704,16.4696,2.6287,1.8803,1.6133,2.8573,1.8835,9.1364,2.8312,5.0515,1.2706,2.0741,0.8547,2.8793,2.5537,1.8832,40.2491,47.1901,41.3095,3.2464
0x002b,8.4145,54.6122,2.5206,4.0239,1.7642,2.2944,1101.3744,7.2395,8.8991,3.2700,0.0000,3.7581,2.5917,9.4514,25.8037,7.0522,13.4075,12.6656,6.3469,3.2547,8.4659,3.1789,21.4946,5.3695,10.3400,8.3112,7.2772,24.7630,39.8123,28.5594,11.5622,109.3304,6.1948,9.2674,13.2867,8.9800,10.0340,21.0488,6.9490,9.3656,29.9089,31.7976,6.2957,12.0093,8.5860,6.9641,6.1761,8.5391,7.8906,2.9457,10.5987,4.7552,10.3358,13.7507,11.4494,9.0524,7.2870,26.8221,37.7273,10.1869,16.5234,6.5127,4.1681,3.1190,14.4315,16.5886,13.8845,21.6637,6.4036,1.4098,14.6035,15.8491,7.9188,10.3162,8.0708,19.6332,6.5729,14.2209,6.3935,17.7266,15.0209,24.0807,13.2538,17.4543,11.7439,20.6752,12.0342,17.3478,7.7219,30.4544,17.9592,4.1269,28.0658,4.8213
0x002c,2.4159,2.6536,7.4942,4.8081,1.0790,11.2717,0.0553,3.5970,0.5262,2.2328,3.7581,0.0000,6.7067,0.2778,4632.7109,5.0754,3.5763,3.8087,4.6509,2.0590,5.3977,1.9386,1.7526,3.0600,5.4423,62.6943,77.1290,744.6245,147.7705,490.4554,987.3872,3651.0317,1.8725,4.1823,6.3754,3.1379,2.3406,5.2645,2.4127,5.2745,2.9251,1.6153,2.0021,3.0876,1.6729,2.7516,4.5889,7.8203,2.6978,5.7070,4.2975,4.1341,1.7631,0.9540,2.7420,2.8556,0.7299,5.5456,439.4972,5183.8408,624.7093,89.7050,194.1488,0.4960,4.5936,4.7877,2.4954,1.6207,2.5008,6.6484,3.3976,1.4713,3.4804,0.6987,5.2346,4.4715,1.0919,1.4684,2.9584,2.4374,3.4104,15.0153,6.3797,5.7303,1.8798,1.1857,1.2675,3.4069,1.1957,3.2914,1549.2185,82.2507,1428.2809,64.2951
0x002d,16.7705,2.7810,32.0174,14.6476,7.4643,5.9277,16.7843,7.4287,4.2407,1.8485,2.5917,6.7067,0.0000,0.4290,17187.2734,7.9834,7.8751,4.6842,11.6074,2.2549,26.0222,7.4089,0.8492,3.9741,5.2334,61.5850,398.7570,2913.8674,1002.7969,2033.5824,3230.3516,5838.0981,3.5368,2.4837,0.9191,3.7090,1.6144,3.2820,0.7875,2.9423,1.4475,1.9923,4.0840,2.8779,3.7906,2.7995,2.1619,1.5698,2.1078,3.9864,4.7665,1.1807,3.1344,2.4552,2.8249,2.6908,2.2628,1.0985,426.2484,21597.8594,3394.2695,241.2242,39.4770,1.4998,3.6451,7.0501,19.9345,9.2921,3.6957,15.4985,3.5280,21.4167,7.2565,6.5630,4.2152,0.6750,5.1509,6.8336,8.2356,3.5423,3.6342,3.5757,11.4260,2.1927,6.4123,7.9205,5.2985,3.9529,1.9625,0.3950,5593.3457,399.1579,7231.2988,23.5674
0x002e,6.9253,1.3360,4.6984,1.9156,4.5155,16.8832,1.4739,1.4286,1.9393,4.8054,9.4514,0.2778,0.4290,0.0000,19395.9863,4.9522,4.5876,4.9019,4.5116,1.8083,4.5674,3.3799,0.9403,2.9504,3.8755,71.9482,409.9691,6662.2822,2536.2114,8344.6826,6028.9551,9027.5957,2.6299,6.7685,3.9054,3.4792,1.5339,3.7161,1.6715,3.0880,6.3313,2.2381,2.8020,3.9951,4.2956,1.6412,1.5079,3.2075,0.6815,2.5602,8.1099,8.4954,2.3763,2.3183,2.9849,3.2754,1.4682,3.2683,1759.5542,20346.3555,3443.3291,653.1246,40.4461,0.5949,4.1414,8.6136,1.0373,1.9548,2.7821,5.6464,2.6005,12.5445,5.1236,1.4057,6.4385,1.8282,4.2348,6.3588,7.0091,4.5138,3.2543,1.8365,15.7802,8.6763,4.2096,1.8074,6.1900,2.8101,1.4991,6.4767,10361.0791,568.1097,8209.6729,62.1325
0x002f,0.3238,489.0355,1.0160,4.8576,9.6883,7.8416,4560.7061,1.5548,1.9169,39.6164,25.8037,4632.7109,17187.2734,19395.9863,0.0000,5.4841,2.9724,4.3126,2.5487,10.8712,5.2269,8.0030,6.9908,2.2837,3.8422,0.8413,0.8289,19.4032,16.0280,19.9119,13.4308,55.7660,3.4207,1.5137,2.7936,3.1651,3.2429,4.8432,5.2328,1.0903,2.1563,3.4466,3.2028,4.2059,9.1218,8.7382,2.9602,3.5341,1.5953,2.8680,4.6546,14.9430,1.4000,8.2949,4.5449,1.8564,15.5268,3.8693,1.1924,3.6438,1.1483,25.3079,19.2685,1.2976,11.9500,5.0645,8.4333,1.2737,11.9298,1.5532,2.0968,7.2706,5.0434,1.5342,10.7590,5.8285,10.2487,11.0364,10.7953,5.5962,3.4723,7.5661,25.6409,17.1303,14.6362,15.3788,44.7977,15.2867,4.3496,10.9445,8.4659,0.1929,12.5328,41.7605
0x0030,6.3319,1.2883,5.7608,7.4384,2.7026,1.2105,3.5689,4.1872,5.5148,1.0461,7.0522,5.0754,7.9834,4.9522,5.4841,0.0000,6.5228,3.7656,0.5345,6.6305,0.7581,0.1578,3.4881,0.0841,0.1937,6.0985,5.8906,4.4066,7.8222,1.9788,1.2962,1.2628,3.9174,0.1410,0.7666,0.2495,1.9402,1.6300,5.0358,0.9375,7.7504,0.9710,3.9627,1.8160,2.2209,0.5753,0.1042,0.4639,0.1526,1.0672,0.2113,14.7758,0.6657,2.8096,1.9331,25.0109,4.3565,3.2344,5.6422,1.4375,5.6786,5.5579,8.4073,3.3745,0.1160,1.2932,0.4998,1.0664,0.6359,6.2335,0.6420,3.3883,12.8975,8.9648,4.9770,16.6874,9.1656,0.5816,0.0813,2.4383,1.4442,3.5784,1.3466,2.4121,0.3666,3.0517,1.8205,9.2351,1.8783,1.6357,5.2681,4.8687,30.8922,8.1921
0x0031,0.5028,2.2768,20.2894,15.1392,20.1584,9.8964,4.4005,3.7361,0.8745,5.2642,13.4075,3.5763,7.8751,4.5876,2.9724,6.5228,0.0000,0.4476,1.8971,3.9383,10.9346,11.1610,8.8418,10.9404,8.9172,1.9619,1.1470,9.7241,1.8369,2.0815,1.0723,18.0141,6.0005,9.3077,8.7430,9.1285,4.3473,17.4182,7.8242,11.0303,0.3243,0.4864,14.7889,2.4292,13.7836,5.7894,19.4949,20.8330,14.1537,9.4493,4.9842,32.6892,18.7023,28.1404,12.9040,8.5051,13.9325,1.0915,3.6256,3.0217,0.9950,14.8603,7.1721,2.3881,6.8162,9.9282,1.0292,4.3606,3.5759,18.3929,5.3093,29.3739,0.3758,2.2714,14.5222,0.5831,3.4376,7.5579,7.4684,15.7820,5.4866,15.0911,4.3314,22.6439,5.3335,25.9168,13.5399,5.0191,24.4423,1.0962,12.7192,2.9341,2.5851,6.6691
0x0032,3.5996,2.9748,2.8755,6.0818,6.3593,5.7847,6.2726,2.4618,3.2412,1.4382,12.6656,3.8087,4.6842,4.9019,4.3126,3.7656,0.4476,0.0000,2.1161,8.3592,3.4532,3.1889,1.5199,1.4528,2.7855,0.9154,1.3334,3.0944,0.8600,5.7117,0.9923,3.8693,2.6792,1.1751,1.5941,0.9495,1.6835,2.5469,3.9486,1.7352,0.6770,1.2518,3.2677,1.6366,2.7226,2.3564,2.3654,3.4267,3.0689,3.1532,3.2594,10.4293,2.4758,2.5135,2.6490,2.0994,3.3431,0.1441,3.4042,4.2093,2.6538,5.8976,3.2275,8.4623,0.2991,4.3895,0.5558,2.0075,0.3789,9.9820,1.2488,2.3278,1.1521,4.5619,1.9418,1.2326,4.2068,1.7796,1.7202,2.0134,1.8738,3.9003,1.0356,1.0821,1.0748,1.6310,1.4408,3.3419,3.6026,0.1202,10.3805,1.9221,3.9217,0.8928
0x0033,5.0460,1.6628,5.5609,5.5407,2.9766,3.6191,5.5600,6.1677,4.6080,1.9721,6.3469,4.6509,11.6074,4.5116,2.5487,0.5345,1.8971,2.1161,0.0000,11.0077,0.5783,0.7583,1.4346,0.3093,0.3572,2.0209,2.1716,15.1007,1.5026,3.8382,1.1659,9.4050,4.4176,0.5465,6.7229,0.5630,1.2879,1.6603,1.0480,1.8855,1.8900,1.1345,4.9612,5.5334,2.8289,1.2065,1.4123,3.7412,2.1905,1.5421,0.4515,21.7016,1.5582,2.8102,3.1772,4.8065,7.3790,1.5324,4.6016,3.0020,2.5286,8.2208,13.2552,3.7213,0.4077,5.4852,1.5660,7.5831,3.2715,15.4590,1.8987,5.8732,3.9578,5.1747,2.8076,2.4127,6.5024,1.4966,1.1969,1.2226,3.7591,2.7348,0.1754,6.3220,2.7115,4.0225,3.8864,1.7193,3.3460,1.6937,18.4272,3.2424,4.0830,8.2725
0x0034,3.5883,2.3651,3.8391,4.4575,6.5707,6.4632,1.8500,4.7243,5.7724,1.6423,3.2547,2.0590,2.2549,1.8083,10.8712,6.6305,3.9383,8.3592,11.0077,0.0000,16.4506,9.2564,29.1803,9.3511,12.9530,4.6193,2.1921,1.7381,12.0283,10.4100,14.3141,13.9808,4.6650,25.8586,9.1310,27.0698,21.6671,18.2046,12.0549,17.7689,19.5776,9.5896,25.5897,6.6854,37.2503,25.6028,14.3933,22.8186,17.7179,25.8392,10.2668,16.1105,27.0808,12.8125,45.1155,13.0642,13.5770,50.6808,10.8415,3.5875,5.7821,1.5101,1.9502,2.9246,3.8454,10.1009,2.7542,3.5055,4.5469,12.8405,6.4786,20.9749,7.5062,7.3144,25.2517,9.2979,6.1962,11.3018,15.1394,41.4225,3.3385,10.5459,4.2490,18.2138,10.0968,8.6566,16.5805,7.5311,47.7334,16.0154,8.7504,8.0456,10.3545,3.7632
0x0035,2.6633,2.5172,5.9941,1.8723,4.5992,3.3690,5.4435,4.0024,4.7036,1.6507,8.4659,5.3977,26.0222,4.5674,5.2269,0.7581,10.9346,3.4532,0.5783,16.4506,0.0000,0.2442,5.9101,0.3739,0.3931,4.6503,1.5480,5.2454,3.3037,8.0483,2.7295,8.8866,5.2154,0.4722,1.2707,0.7338,1.1473,0.8803,2.0024,0.7984,2.3263,0.6747,4.0518,3.3126,2.3812,1.7837,1.3536,4.1271,2.9311,2.8650,0.0787,11.9931,1.0358,7.3603,2.6985,4.4390,3.3730,3.6273,2.0140,5.7766,5.5414,3.2538,13.8958,2.2246,0.3817,1.0389,0.7035,6.3368,2.8817,2.4269,0.5187,3.3278,8.4481,6.4436,1.6901,5.0141,5.6201,2.0186,1.6814,2.2569,4.7548,1.9518,0.3043,4.1491,1.0686,4.1961,5.7692,3.1222,1.5321,3.1872,6.3887,5.1835,4.8460,16.3157
0x0036,5.7266,1.7300,6.7822,5.7135,4.2604,1.0395,6.9390,9.1215,3.2955,2.1793,3.1789,1.9386,7.4089,3.3799,8.0030,0.1578,11.1610,3.1889,0.7583,9.2564,0.2442,0.0000,2.8013,0.3532,0.6828,2.2392,4.4001,3.7790,6.5735,9.4711,8.0363,2.6678,4.2397,0.2302,0.3737,0.2512,0.3548,1.3225,0.6015,0.9128,7.6374,2.0245,3.8410,4.1191,2.4103,0.9983,0.2851,5.5613,0.5515,2.4137,0.1612,15.1681,1.3401,5.2084,4.5362,10.1013,4.5908,3.7031,5.2405,5.2930,3.5617,5.2213,12.7329,3.0945,1.1824,7.5318,1.0456,1.1337,0.5715,2.0884,1.2495,6.1160,7.2157,6.4489,3.7118,9.5929,5.4412,1.1146,0.3631,4.8609,9.2355,2.0272,0.3632,4.8840,0.5451,5.4656,3.2494,10.9666,5.8480,5.0515,12.3722,9.6156,12.1216,4.5691
0x0037,1.8907,2.7326,6.6859,12.3575,18.6783,32.5127,1.2504,11.6347,0.2574,1.8221,21.4946,1.7526,0.8492,0.9403,6.9908,3.4881,8.8418,1.5199,1.4346,29.1803,5.9101,2.8013,0.0000,7.1386,5.2833,1.6787,2.6721,9.1649,1.7206,1.7974,0.0514,15.1176,20.5107,18.4081,14.1900,9.5012,20.6442,6.8594,14.9668,10.5617,7.8935,11.1290,18.5447,29.4753,22.8111,10.5110,17.3610,1.7337,15.0229,21.2945,12.5804,0.2101,6.4900,1.3146,9.1764,25.8930,1.1545,22.2656,14.0525,4.7759,2.0918,7.8620,6.0042,1.5813,3.2327,7.9758,2.9881,7.3142,5.8755,2.9978,3.2694,15.8372,16.0386,4.7516,16.4351,10.5726,12.6571,4.9968,4.5669,3.9040,7.0590,0.8110,12.4213,12.3720,2.5315,0.4448,8.0107,4.0766,0.5223,3.0375,28.6203,9.4998,2.0715,5.2747
0x0038,3.7044,1.8175,6.3327,1.8887,1.9343,0.5650,3.7837,1.1653,2.5447,0.7227,5.3695,3.0600,3.9741,2.9504,2.2837,0.0841,10.9404,1.4528,0.3093,9.3511,0.3739,0.3532,7.1386,0.0000,0.2114,1.3124,0.6055,2.1218,1.9881,2.2813,1.5562,2.0442,0.7957,0.0858,0.9521,0.5557,0.6908,0.6340,1.1046,1.5622,3.4146,1.0266,2.3596,1.2066,1.0556,0.5238,0.1766,6.5098,0.3505,0.2662,0.2365,9.3291,0.4305,2.3375,1.9325,6.2404,2.1972,0.8846,5.5521,1.9935,4.0195,2.0347,7.5128,4.9876,0.0704,2.8594,0.5234,1.2631,0.2268,6.4085,1.1880,1.5630,7.2073,7.1364,1.1171,4.4378,4.9815,0.4097,0.4262,0.9973,0.8760,2.0339,0.5804,2.0002,0.2212,2.0741,5.5550,3.5821,1.6575,1.7107,8.7628,2.8814,7.4263,10.3343
0x0039,2.1216,1.5295,4.2579,2.6438,3.7450,5.2973,8.4385,3.1349,2.1741,1.0829,10.3400,5.4423,5.2334,3.8755,3.8422,0.1937,8.9172,2.7855,0.3572,12.9530,0.3931,0.6828,5.2833,0.2114,0.0000,3.2229,3.0911,7.8941,3.5277,3.6956,1.3847,4.0749,5.1578,2.2088,3.1181,0.5763,2.0849,1.8146,1.0874,0.9852,3.8945,1.2717,16.1239,6.2351,5.5737,0.8161,0.1956,1.9327,1.0515,2.7901,0.7484,7.2158,1.0692,1.9587,3.2524,18.0822,3.6337,7.9790,4.0472,5.1040,8.8532,9.5002,10.5861,4.5210,0.8799,2.1644,2.0628,10.7474,1.7548,4.5401,0.1823,2.8640,8.6334,7.2840,2.5909,9.6636,3.9060,0.8568,0.3363,4.5182,3.3799,2.5918,0.4927,4.9356,2.4549,2.3281,1.7962,7.4363,1.4714,4.0742,18.1200,4.6715,16.0053,3.0655
0x003a,1.0884,17.4078,3.9656,2.2657,19.2875,4.0513,67.7317,1.4145,2.9639,20.2144,8.3112,62.6943,61.5850,71.9482,0.8413,6.0985,1.9619,0.9154,2.0209,4.6193,4.6503,2.2392,1.6787,1.3124,3.2229,0.0000,0.1687,33.9075,33.9054,81.2171,21.3059,522.5083,7.2491,1.9638,2.7478,3.3650,2.2584,3.1883,3.9324,1.6713,1.3603,1.2753,6.3369,1.8894,3.0943,2.6207,4.5628,5.2805,4.7273,2.8293,2.5013,3.1352,2.1670,6.9347,3.9144,4.7706,3.7171,1.4060,18.1684,19.6566,42.3342,60.8619,187.3129,2.9760,3.0081,1.4674,4.1622,2.6520,3.1061,3.3050,2.5222,2.2838,3.5858,1.3578,5.5267,1.2811,5.0938,2.9728,3.9038,4.0733,3.2148,9.8211,1.5004,4.6258,4.2471,5.8075,10.4103,6.6344,3.1322,1.3474,131.9745,7.9144,96.0017,96.3829
0x003b,0.9203,65.8680,4.2023,0.8988,4.8769,1.3099,207.1173,2.5056,0.3231,30.9472,7.2772,77.1290,398.7570,409.9691,0.8289,5.8906,1.1470,1.3334,2.1716,2.1921,1.5480,4.4001,2.6721,0.6055,3.0911,0.1687,0.0000,40.7161,57.5025,38.8664,8.3669,202.2387,3.3864,3.0589,2.4252,3.6607,1.8093,4.5040,3.6112,1.5922,1.2743,3.6245,3.4750,9.0285,3.1376,5.9705,4.0412,3.2114,4.9024,3.9208,1.6558,2.1432,4.9470,3.6409,6.1708,2.3670,6.4072,1.5947,16.1205,42.3459,2.9687,18.2778,127.5657,3.6798,4.8873,4.0874,2.9683,3.3770,2.7920,4.7661,3.3683,6.0797,1.2823,0.8346,4.2465,0.7985,8.0190,13.3050,3.1994,3.3504,2.7043,9.8937,6.3018,5.8591,6.3883,7.0821,7.2016,6.0600,1.7228,3.5340,85.7998,2.3775,18.2926,102.0595
0x003c,32.4993,18.2401,4.4423,1.5225,2.8659,3.0572,2106.5764,3.5071,31.2122,17.2379,24.7630,744.6245,2913.8674,6662.2822,19.4032,4.4066,9.7241,3.0944,15.1007,1.7381,5.2454,3.7790,9.1649,2.1218,7.8941,33.9075,40.7161,0.0000,3.5987,37.8820,18.2313,26.3523,4.8624,3.4650,4.3056,7.3557,3.1207,3.0508,6.1645,3.1679,7.7612,5.8636,3.0969,1.5836,4.3496,4.4235,4.9047,7.1405,3.8578,4.2913,4.5496,4.5915,3.8751,3.1540,5.3502,5.7294,3.4157,2.2902,26.5709,31.0146,23.2199,2.0954,6.1511,3.9212,2.7045,7.9903,2.2685,3.4591,3.8498,4.5472,2.7165,4.9654,5.5337,6.6232,6.2587,13.4575,5.5675,5.2627,4.0853,9.8419,2.7731,9.3955,10.3527,5.8631,3.0837,4.4159,7.3442,0.8172,4.9217,9.3333,34.7972,45.3065,79.8679,6.2391
0x003d,41.7129,86.9311,4.8581,1.7403,2.3833,1.9400,336.2618,24.6430,16.9741,6.9471,39.8123,147.7705,1002.7969,2536.2114,16.0280,7.8222,1.8369,0.8600,1.5026,12.0283,3.3037,6.5735,1.7206,1.9881,3.5277,33.9054,57.5025,3.5987,0.0000,10.1873,33.8168,40.0700,4.8685,3.8835,2.2931,3.2999,6.7268,2.4461,3.1927,1.6007,1.4086,2.7920,1.9013,11.8684,2.2998,3.7070,2.8052,3.7659,2.9374,0.9525,1.2414,10.1174,2.9792,4.1241,3.3129,1.4908,9.2120,0.4705,131.7437,227.2350,158.4269,6.0255,18.1535,9.7093,0.9674,4.3063,2.9184,5.4148,1.5911,9.4312,4.9686,3.3829,5.3650,11.1027,4.7708,9.0163,5.4586,1.6843,2.0666,4.8200,4.6544,18.3965,1.3852,2.9806,1.5639,3.8439,2.5499,0.9879,4.3632,1.8776,186.1416,90.8725,171.7032,3.2285
0x003e,42.7614,30.4027,6.5690,0.9527,7.1208,2.2745,1762.1146,19.3104,1.9564,14.0806,28.5594,490.4554,2033.5824,8344.6826,19.9119,1.9788,2.0815,5.7117,3.8382,10.4100,8.0483,9.4711,1.7974,2.2813,3.6956,81.2171,38.8664,37.8820,10.1873,0.0000,4.7448,185.5268,3.8017,1.6361,4.9611,4.5445,7.7830,4.2524,4.9519,3.5371,4.5392,9.0916,3.0298,7.4329,3.3434,1.8973,6.6273,0.8433,8.2053,2.2281,3.7696,2.7423,4.1106,5.3108,7.0355,7.1801,4.3278,3.6630,24.4441,50.5905,22.8366,1.8644,1.7910,1.6913,2.7377,3.2531,13.3178,8.0014,12.3701,7.6578,3.1248,4.1448,9.8808,3.1176,1.8398,7.6054,7.0983,3.0288,6.4642,3.4575,7.3594,6.4086,11.5306,6.9729,2.5624,6.1556,8.5870,3.3795,2.0453,5.4288,80.6433,32.5023,19.7939,6.1119
0x003f,6.8417,82.8035,6.2168,5.7699,4.5133,4.8494,2190.8892,12.0434,5.1768,16.1124,11.5622,987.3872,3230.3516,6028.9551,13.4308,1.2962,1.0723,0.9923,1.1659,14.3141,2.7295,8.0363,0.0514,1.5562,1.3847,21.3059,8.3669,18.2313,33.8168,4.7448,0.0000,21.4100,16.7941,0.8281,1.0571,1.1183,3.5506,4.0320,4.1632,1.0352,3.1703,1.0950,4.3470,9.4367,3.5251,2.7677,6.6777,0.5951,2.1793,2.5562,6.8253,1.2168,2.6918,0.6256,2.6526,2.3558,1.2413,1.7278,14.7382,2.8949,4.8994,5.2046,20.6989,1.2535,6.6087,6.4917,3.7037,4.3412,4.9370,2.5562,0.5974,4.0783,14.7687,1.2949,3.0373,4.8931,13.6418,3.2062,10.9853,0.9586,2.5588,3.8756,9.2575,4.1583,9.2353,1.3074,9.2562,7.5641,0.5974,2.5993,53.4890,3.4717,6.6935,13.6432
0x0040,80.7019,275.7261,18.9866,10.0023,7.4861,3.6891,6929.9976,68.0429,26.2051,35.3061,109.3304,3651.0317,5838.0981,9027.5957,55.7660,1.2628,18.0141,3.8693,9.4050,13.9808,8.8866,2.6678,15.1176,2.0442,4.0749,522.5083,202.2387,26.3523,40.0700,185.5268,21.4100,0.0000,9.5494,1.3733,2.0569,1.9521,2.7337,7.7209,6.6902,3.6195,19.5810,4.7769,4.2362,13.1398,2.2589,2.4981,1.6934,10.3495,1.5246,2.2267,5.3891,59.4932,1.7778,15.5988,2.3512,15.5219,26.9249,3.1478,6.6485,3.5479,2.9820,5.4280,9.1427,3.1672,2.5733,7.6427,3.2920,2.0430,0.9941,18.6913,0.7173,3.5658,13.6337,6.7484,4.6920,26.5978,14.2552,4.1019,1.3536,4.4884,2.4276,172.5615,29.0565,14.7672,8.1502,36.3554,10.8237,25.3976,45.6233,15.4054,6.1400,4.0689,4.3955,10.5175
0x0041,2.8787,2.8366,6.8165,5.2900,5.3239,3.5311,1.1560,2.5563,6.2951,0.9970,6.1948,1.8725,3.5368,2.6299,3.4207,3.9174,6.0005,2.6792,4.4176,4.6650,5.2154,4.2397,20.5107,0.7957,5.1578,7.2491,3.3864,4.8624,4.8685,3.8017,16.7941,9.5494,0.0000,1.3944,3.7583,6.2441,4.5761,6.3471,7.4469,5.5854,7.0628,1.7157,1.5136,0.5236,4.2995,5.2615,5.7640,4.3681,10.6606,0.9438,3.3872,36.0096,7.2206,36.6707,29.6482,4.7283,22.3575,5.7801,4.6559,13.7407,10.6697,1.2106,7.9316,3.6716,3.2163,2.3376,10.8559,2.2044,6.6716,43.0182,7.6422,0.6188,7.2902,13.7235,0.9198,22.6102,4.5018,1.8175,9.4026,4.9887,5.6852,62.2064,10.1073,14.3485,20.4500,66.5711,22.7474,5.1659,25.6725,5.8147,6.5668,5.3976,6.9730,3.3289
0x0042,2.3666,2.4275,12.0075,3.6209,1.6783,1.0688,11.1473,1.5310,4.1844,1.7483,9.2674,4.1823,2.4837,6.7685,1.5137,0.1410,9.3077,1.1751,0.5465,25.8586,0.4722,0.2302,18.4081,0.0858,2.2088,1.9638,3.0589,3.4650,3.8835,1.6361,0.8281,1.3733,1.3944,0.0000,5.5144,0.2001,0.4641,0.5623,1.0939,0.7876,3.6581,0.5282,1.7886,2.4905,0.4334,0.2633,0.1785,1.2117,0.8652,0.1616,0.2671,11.3973,0.5105,2.1798,1.6824,4.3739,2.5459,1.2337,10.2387,2.8746,10.4810,5.4000,6.5284,7.2553,0.2277,0.9178,3.1169,2.1090,2.3192,29.4176,1.0466,1.5865,7.5246,9.3733,1.4928,11.0082,14.0435,1.6313,1.0373,0.6183,7.7584,18.3347,1.2189,12.9567,0.8210,20.0004,2.9835,7.9747,2.5095,5.6656,9.2982,6.9837,9.6145,9.2224
0x0043,4.1504,5.2532,4.8089,3.2904,9.2472,7.8684,2.5321,0.3527,5.1457,2.2258,13.2867,6.3754,0.9191,3.9054,2.7936,0.7666,8.7430,1.5941,6.7229,9.1310,1.2707,0.3737,14.1900,0.9521,3.1181,2.7478,2.4252,4.3056,2.2931,4.9611,1.0571,2.0569,3.7583,5.5144,0.0000,0.9785,1.6960,2.8686,1.1970,1.7670,1.8733,1.3218,3.8083,1.7850,10.6457,2.9682,0.6138,6.8081,1.3930,1.9358,1.3104,8.0724,0.8335,4.0735,4.9996,5.3647,5.7624,1.3064,3.9927,3.1667,2.9779,5.3236,5.1393,2.9481,2.5976,5.7557,0.0738,3.3316,3.8098,24.6831,0.6766,8.3930,7.4129,7.4123,4.0489,6.0797,9.9357,5.7593,1.3373,7.3865,2.1436,73.0305,2.3163,1.8280,2.2984,9.6464,3.7590,7.2160,6.4608,5.8863,5.4671,3.5770,19.6932,3.3381
0x0044,2.4740,3.6482,6.9143,7.0074,5.1204,1.4698,1.8846,6.9037,8.0833,2.6152,8.9800,3.1379,3.7090,3.4792,3.1651,0.2495,9.1285,0.9495,0.5630,27.0698,0.7338,0.2512,9.5012,0.5557,0.5763,3.3650,3.6607,7.3557,3.2999,4.5445,1.1183,1.9521,6.2441,0.2001,0.9785,0.0000,2.0139,1.0195,0.9641,1.0250,2.9468,0.9585,4.5167,1.4456,1.6874,1.6482,0.0752,0.2884,0.1722,3.6723,0.5309,7.0532,0.3280,4.0718,5.5791,6.8210,7.6057,2.7862,6.8488,2.9527,13.5976,3.8039,8.4919,4.2743,0.4226,0.5770,1.8588,6.3118,1.5566,28.4285,0.2178,0.6242,18.8168,14.7852,2.6485,12.9904,4.4441,0.2621,0.7447,1.9349,7.3158,22.0976,3.8661,9.7246,1.6352,21.7551,2.5680,6.5196,6.2899,9.8585,18.1158,6.8398,7.4007,3.2498
0x0045,2.3020,0.8545,5.6733,7.4306,6.2663,1.5413,5.1261,3.9691,2.6776,1.6637,10.0340,2.3406,1.6144,1.5339,3.2429,1.9402,4.3473,1.6835,1.2879,21.6671,1.1473,0.3548,20.6442,0.6908,2.0849,2.2584,1.8093,3.1207,6.7268,7.7830,3.5506,2.7337,4.5761,0.4641,1.6960,2.0139,0.0000,0.5163,0.2637,1.2138,2.7525,1.3114,2.9099,3.4094,1.7711,1.0192,0.6703,1.0771,1.4390,0.4087,0.3399,11.2721,1.2673,3.1444,3.1625,3.7810,1.8813,1.5540,6.0511,5.0965,2.7883,4.1594,15.5359,3.9058,3.1402,5.1653,2.0524,2.5176,2.0800,15.8635,1.7545,2.0905,15.0910,8.6169,3.0222,11.0449,13.6813,5.1669,3.0843,7.8151,2.4068,57.9216,2.5492,17.9303,3.3344,16.7606,2.9434,3.6783,6.3885,6.1704,7.4577,4.4985,9.9006,9.1048
0x0046,7.7234,1.6513,14.2883,11.5489,17.1618,5.3847,14.4633,5.9470,8.5980,2.4117,21.0488,5.2645,3.2820,3.7161,4.8432,1.6300,17.4182,2.5469,1.6603,18.2046,0.8803,1.3225,6.8594,0.6340,1.8146,3.1883,4.5040,3.0508,2.4461,4.2524,4.0320,7.7209,6.3471,0.5623,2.8686,1.0195,0.5163,0.0000,3.6353,8.4279,7.7199,10.1167,6.5010,35.9000,23.6146,4.5754,3.8211,0.1552,13.5188,5.1132,1.2407,7.8536,4.4623,2.1151,11.1912,7.6382,7.8106,3.3938,11.5134,11.3996,7.9001,5.3515,6.1301,3.7726,4.5135,1.8290,4.1735,18.4866,6.3890,10.2418,1.2397,2.5786,22.4147,8.6753,0.9287,31.3172,33.9482,2.6386,6.7300,0.4309,19.0261,16.5646,2.0060,10.8611,6.5798,8.3511,7.5589,4.8945,1.5805,7.8706,28.9352,9.6928,18.8136,6.3491
0x0047,6.1172,1.5960,8.3281,6.3091,4.6271,2.1153,2.2487,7.5168,4.7297,2.7780,6.9490,2.4127,0.7875,1.6715,5.2328,5.0358,7.8242,3.9486,1.0480,12.0549,2.0024,0.6015,14.9668,1.1046,1.0874,3.9324,3.6112,6.1645,3.1927,4.9519,4.1632,6.6902,7.4469,1.0939,1.1970,0.9641,0.2637,3.6353,0.0000,4.5717,3.5333,2.7760,20.4715,4.1144,7.3479,7.0495,0.5267,8.2368,0.6614,4.8860,1.0061,12.2241,0.6394,5.2090,11.2509,17.0805,6.4074,4.9397,15.6302,3.9232,6.0497,2.8718,7.7755,2.5921,17.6099,5.6198,1.4155,1.4737,2.7449,19.9332,2.4201,5.3517,18.9437,10.3663,7.7087,15.1076,7.1620,3.5797,0.9111,6.3234,3.7249,91.5649,5.2248,16.9134,4.1561,18.9377,17.3153,15.4886,20.2296,14.7553,9.1786,6.6710,10.5164,2.2530
0x0048,6.8693,3.3070,5.4608,3.6770,2.7122,2.5055,2.7512,4.2133,4.3896,0.7022,9.3656,5.2745,2.9423,3.0880,1.0903,0.9375,11.0303,1.7352,1.8855,17.7689,0.7984,0.9128,10.5617,1.5622,0.9852,1.6713,1.5922,3.1679,1.6007,3.5371,1.0352,3.6195,5.5854,0.7876,1.7670,1.0250,1.2138,8.4279,4.5717,0.0000,2.6569,1.4135,1.2495,1.7900,0.2239,0.1522,0.9691,0.8400,1.1179,0.7658,0.5649,5.5572,0.2645,0.9687,0.4957,2.1823,2.3376,1.9764,6.4383,2.3022,5.1716,3.2204,5.4763,6.5125,6.2874,4.4992,8.0623,1.8440,3.6647,14.4301,1.9174,0.8881,16.0933,9.4819,1.7398,19.3384,17.7434,1.5006,5.1023,2.6555,1.6587,52.2211,8.3071,24.2745,1.9769,7.7702,4.7244,8.5928,3.5326,9.1058,7.0909,5.8942,12.9436,5.0947
0x0049,0.5556,1.9858,8.5949,4.6279,13.3653,13.5540,5.3496,0.7826,0.4179,3.3940,29.9089,2.9251,1.4475,6.3313,2.1563,7.7504,0.3243,0.6770,1.8900,19.5776,2.3263,7.6374,7.8935,3.4146,3.8945,1.3603,1.2743,7.7612,1.4086,4.5392,3.1703,19.5810,7.0628,3.6581,1.8733,2.9468,2.7525,7.7199,3.5333,2.6569,0.0000,0.7445,6.8388,9.6962,9.2510,4.4808,6.2642,4.2700,14.3098,6.5679,1.6862,21.0161,4.9713,6.1477,6.9423,3.9792,5.5693,1.1635,1.6335,1.3498,0.7105,23.2890,2.6968,1.7722,13.3912,4.6540,5.5749,9.5575,23.1070,38.3858,4.1986,6.7845,1.4713,1.0958,4.2570,1.4063,2.1147,10.5321,19.7665,9.9165,7.5949,45.4181,5.2940,2.9237,6.8920,38.2063,9.1839,4.0734,7.8289,1.6112,19.2087,1.7138,5.8730,4.2530
0x004a,1.5697,5.3766,13.8459,6.1973,12.1781,3.5859,1.6351,4.3644,0.3744,4.4082,31.7976,1.6153,1.9923,2.2381,3.4466,0.9710,0.4864,1.2518,1.1345,9.5896,0.6747,2.0245,11.1290,1.0266,1.2717,1.2753,3.6245,5.8636,2.7920,9.0916,1.0950,4.7769,1.7157,0.5282,1.3218,0.9585,1.3114,10.1167,2.7760,1.4135,0.7445,0.0000,6.4222,9.3644,4.5089,3.5581,1.6155,6.8013,3.2484,4.7979,1.5139,20.8856,4.0515,5.3647,17.9333,4.5423,20.6918,0.5497,6.4414,12.6484,1.0562,4.7375,3.3689,2.4620,2.0909,5.9462,2.6789,1.2326,3.3775,46.0892,0.6703,4.1256,6.1538,1.7281,5.6512,5.0381,6.9081,3.6606,2.1276,5.9642,1.3769,41.4984,4.5603,15.7067,1.9849,19.5065,7.7324,5.2721,2.5693,4.6707,23.6092,4.7048,2.5485,5.9909
0x004b,9.1644,11.6770,6.0449,2.9590,3.5362,2.2107,3.3906,4.0466,3.2155,1.5150,6.2957,2.0021,4.0840,2.8020,3.2028,3.9627,14.7889,3.2677,4.9612,25.5897,4.0518,3.8410,18.5447,2.3596,16.1239,6.3369,3.4750,3.0969,1.9013,3.0298,4.3470,4.2362,1.5136,1.7886,3.8083,4.5167,2.9099,6.5010,20.4715,1.2495,6.8388,6.4222,0.0000,3.5103,0.1872,0.2643,6.4499,2.6479,3.3841,0.5640,0.7139,5.6913,2.2514,7.9742,1.2440,0.1271,1.6011,1.2976,4.5572,3.0373,3.9619,2.0438,2.9415,4.2982,7.9255,4.6987,11.8317,8.0974,40.8739,25.8024,3.4985,3.0307,17.5348,18.3380,0.4928,29.4721,5.9150,7.1773,22.0433,15.9188,9.8690,92.5829,9.6541,19.8009,9.3783,75.0732,19.7137,0.5702,3.3330,5.7561,7.1270,6.9470,10.4574,2.1104
0x004c,2.9466,2.1694,57.8241,10.7027,26.8729,8.9966,10.1789,1.7241,4.4890,6.0607,12.0093,3.0876,2.8779,3.9951,4.2059,1.8160,2.4292,1.6366,5.5334,6.6854,3.3126,4.1191,29.4753,1.2066,6.2351,1.8894,9.0285,1.5836,11.8684,7.4329,9.4367,13.1398,0.5236,2.4905,1.7850,1.4456,3.4094,35.9000,4.1144,1.7900,9.6962,9.3644,3.5103,0.0000,14.7337,16.9142,8.2279,13.3343,11.1597,15.4466,6.9721,27.1804,27.9287,50.6385,165.7064,21.2464,86.0993,27.0578,9.5879,5.9302,16.3778,12.0254,7.1483,10.2684,3.2957,1.0286,4.2426,3.0598,7.8193,54.8352,2.3189,3.5332,1.0626,5.2472,2.6897,1.2209,16.2180,10.9605,4.1349,4.4668,10.0081,33.4366,13.2992,27.0008,9.3868,141.5562,47.2240,12.3256,12.1108,7.0490,27.6896,12.4259,28.7611,7.6203
0x004d,2.4191,4.7949,6.5899,4.0117,2.4831,1.5231,1.6600,2.7402,2.6701,4.5681,8.5860,1.6729,3.7906,4.2956,9.1218,2.2209,13.7836,2.7226,2.8289,37.2503,2.3812,2.4103,22.8111,1.0556,5.5737,3.0943,3.1376,4.3496,2.2998,3.3434,3.5251,2.2589,4.2995,0.4334,10.6457,1.6874,1.7711,23.6146,7.3479,0.2239,9.2510,4.5089,0.1872,14.7337,0.0000,0.1854,3.7333,6.7321,3.1706,0.9906,0.7697,6.2028,0.8217,3.3569,1.9596,0.5635,0.4945,1.2049,4.6720,2.4967,4.3657,4.4604,2.5999,8.4881,1.9917,2.8686,8.1094,4.4808,3.1131,52.0588,6.6037,0.7252,18.6333,15.7134,0.4126,21.3641,7.9706,0.9086,6.2912,3.3508,9.4911,151.7745,4.7973,25.3249,9.0516,55.1202,21.3807,4.1715,5.2883,8.1627,7.3474,1.5758,9.6713,3.1406
0x004e,5.3602,5.6460,7.8636,2.3816,1.0935,1.1598,1.5538,3.1635,3.2564,1.4693,6.9641,2.7516,2.7995,1.6412,8.7382,0.5753,5.7894,2.3564,1.2065,25.6028,1.7837,0.9983,10.5110,0.5238,0.8161,2.6207,5.9705,4.4235,3.7070,1.8973,2.7677,2.4981,5.2615,0.2633,2.9682,1.6482,1.0192,4.5754,7.0495,0.1522,4.4808,3.5581,0.2643,16.9142,0.1854,0.0000,0.9558,3.1152,1.4478,0.4455,0.8135,13.9271,1.7446,2.1092,0.4685,0.4740,1.5468,1.0635,3.6290,10.6910,5.6032,6.7369,4.7491,6.2991,1.8076,4.5110,6.3278,1.4841,4.5240,57.2831,2.6298,1.2059,14.0617,12.4579,1.4410,13.0101,32.4309,3.1226,6.6121,1.1170,2.8617,58.4665,2.3021,11.7586,3.4713,65.2982,2.7510,3.7370,1.3075,15.6060,8.5401,7.0659,9.0939,3.3671
0x004f,5.2445,1.9173,3.4329,5.8901,4.7612,0.6981,2.2065,10.0206,4.3925,1.2295,6.1761,4.5889,2.1619,1.5079,2.9602,0.1042,19.4949,2.3654,1.4123,14.3933,1.3536,0.2851,17.3610,0.1766,0.1956,4.5628,4.0412,4.9047,2.8052,6.6273,6.6777,1.6934,5.7640,0.1785,0.6138,0.0752,0.6703,3.8211,0.5267,0.9691,6.2642,1.6155,6.4499,8.2279,3.7333,0.9558,0.0000,3.9012,0.1232,6.5373,0.7159,9.9502,0.2061,7.4604,3.0860,21.4674,6.2004,9.0625,5.9490,4.2021,7.6759,3.0011,1.4467,6.2682,3.5954,1.3096,0.7582,3.5438,1.4264,19.4298,0.0973,1.5139,17.0759,14.0731,6.7758,13.8873,6.0421,0.8757,0.0676,5.0228,1.7614,48.0940,3.2824,7.7794,0.2697,23.5597,6.4654,15.4953,7.1171,10.5071,17.5404,11.2876,9.0447,2.0228
0x0050,5.5773,2.1653,10.3226,16.6784,19.8261,10.2979,6.2769,2.9256,9.0927,2.7287,8.5391,7.8203,1.5698,3.2075,3.5341,0.4639,20.8330,3.4267,3.7412,22.8186,4.1271,5.5613,1.7337,6.5098,1.9327,5.2805,3.2114,7.1405,3.7659,0.8433,0.5951,10.3495,4.3681,1.2117,6.8081,0.2884,1.0771,0.1552,8.2368,0.8400,4.2700,6.8013,2.6479,13.3343,6.7321,3.1152,3.9012,0.0000,9.4192,6.5314,7.6495,4.9897,9.7809,2.0624,9.4789,16.6357,4.8011,10.5000,9.7281,13.2393,12.4189,6.4589,5.7690,2.1804,3.3847,0.8317,12.0165,18.9894,33.3172,10.0681,2.1597,1.2254,17.6037,13.4779,4.0048,21.1665,18.4173,2.3714,3.2847,0.0885,4.1864,2.7578,8.2517,10.4576,9.4062,7.8238,8.0054,12.1936,1.8366,9.8146,25.9888,3.7914,18.1041,23.4277
0x0051,6.7421,1.7537,5.9055,1.8759,5.6362,1.5763,4.5812,4.0085,1.3758,2.2059,7.8906,2.6978,2.1078,0.6815,1.5953,0.1526,14.1537,3.0689,2.1905,17.7179,2.9311,0.5515,15.0229,0.3505,1.0515,4.7273,4.9024,3.8578,2.9374,8.2053,2.1793,1.5246,10.6606,0.8652,1.3930,0.1722,1.4390,13.5188,0.6614,1.1179,14.3098,3.2484,3.3841,11.1597,3.1706,1.4478,0.1232,9.4192,0.0000,3.8933,0.8806,7.9177,0.4534,1.8398,4.1362,19.6178,4.5187,3.5862,4.7592,1.3855,4.1892,4.6713,5.4381,1.9746,2.0234,0.8936,1.6374,0.6996,1.2190,16.7608,0.2182,1.8082,28.8564,7.2269,10.7777,27.5771,8.1009,0.9979,0.3213,5.1768,0.5077,64.4178,12.4929,8.4108,0.9666,13.0469,5.8959,20.2557,5.2582,17.8200,11.6959,5.2666,3.5102,4.5210
0x0052,5.4998,5.8429,8.6681,6.9582,3.2503,1.3131,5.5460,1.5695,7.3031,1.4076,2.9457,5.7070,3.9864,2.5602,2.8680,1.0672,9.4493,3.1532,1.5421,25.8392,2.8650,2.4137,21.2945,0.2662,2.7901,2.8293,3.9208,4.2913,0.9525,2.2281,2.5562,2.2267,0.9438,0.1616,1.9358,3.6723,0.4087,5.1132,4.8860,0.7658,6.5679,4.7979,0.5640,15.4466,0.9906,0.4455,6.5373,6.5314,3.8933,0.0000,0.4302,10.4266,1.0784,3.2399,3.2532,2.4544,3.0927,0.7902,3.2555,1.4419,6.6085,3.3414,7.6158,3.2369,2.2693,4.8341,7.1633,10.9415,13.2277,80.2777,2.5267,0.9912,18.8691,19.3590,0.6820,19.1634,10.7326,0.9123,7.8562,2.3360,6.9276,48.6964,4.1355,29.9984,3.8613,46.3728,3.5545,5.2208,4.8469,5.1505,8.3599,4.3201,8.9347,7.4497
0x0053,2.4952,1.1283,6.2059,1.0145,3.9512,3.7069,5.1961,6.4152,7.1399,1.1489,10.5987,4.2975,4.7665,8.1099,4.6546,0.2113,4.9842,3.2594,0.4515,10.2668,0.0787,0.1612,12.5804,0.2365,0.7484,2.5013,1.6558,4.5496,1.2414,3.7696,6.8253,5.3891,3.3872,0.2671,1.3104,0.5309,0.3399,1.2407,1.0061,0.5649,1.6862,1.5139,0.7139,6.9721,0.7697,0.8135,0.7159,7.6495,0.8806,0.4302,0.0000,11.2125,2.2929,8.5096,5.3748,4.9906,3.9746,3.3707,4.2352,3.9934,4.1313,5.3077,8.5788,7.6839,1.6679,8.5898,4.5183,3.0416,4.1613,9.9510,0.7964,3.8539,18.3369,8.1201,2.1466,10.4936,15.1103,4.8023,3.8550,2.6237,4.8470,40.3215,0.1980,5.3261,3.0072,18.5096,6.5922,4.7820,5.1703,10.6730,7.7584,7.2898,15.5852,11.6679
0x0054,0.7303,3.9321,25.3655,20.4941,29.6635,46.1594,3.7653,2.8497,3.6139,3.4092,4.7552,4.1341,1.1807,8.4954,14.9430,14.7758,32.6892,10.4293,21.7016,16.1105,11.9931,15.1681,0.2101,9.3291,7.2158,3.1352,2.1432,4.5915,10.1174,2.7423,1.2168,59.4932,36.0096,11.3973,8.0724,7.0532,11.2721,7.8536,12.2241,5.5572,21.0161,20.8856,5.6913,27.1804,6.2028,13.9271,9.9502,4.9897,7.9177,10.4266,11.2125,0.0000,6.3264,1.4438,14.2687,32.2577,0.4596,28.2151,15.4141,6.1906,21.0295,9.2223,3.3058,3.8587,20.7798,8.4377,18.1476,9.4471,16.6011,8.9987,2.6782,11.1875,73.8563,2.8756,7.7882,27.6598,10.5055,14.7208,23.8943,6.4361,6.7369,4.0801,19.5715,2.5584,8.0852,5.2625,6.4932,14.6717,0.7154,18.1330,9.7889,2.8290,5.0491,4.1315
0x0055,8.1034,1.1204,5.9297,3.3682,4.6185,1.2742,2.8146,1.9517,6.5099,1.4405,10.3358,1.7631,3.1344,2.3763,1.4000,0.6657,18.7023,2.4758,1.5582,27.0808,1.0358,1.3401,6.4900,0.4305,1.0692,2.1670,4.9470,3.8751,2.9792,4.1106,2.6918,1.7778,7.2206,0.5105,0.8335,0.3280,1.2673,4.4623,0.6394,0.2645,4.9713,4.0515,2.2514,27.9287,0.8217,1.7446,0.2061,9.7809,0.4534,1.0784,2.2929,6.3264,0.0000,1.1006,0.6136,3.2047,1.2538,2.8678,3.3353,6.0221,4.2058,2.1500,5.1196,3.0799,4.4785,3.1104,2.0310,1.1733,4.5408,16.1352,2.8427,3.5260,20.4929,11.0594,7.6262,8.2897,7.2410,2.0254,1.3174,1.9346,1.9740,30.1171,8.2943,11.8979,0.4661,8.7535,3.7207,10.2461,4.3174,10.9399,6.3740,7.4726,17.4156,5.5479
0x0056,7.8984,3.7763,7.4128,12.4959,5.7351,13.0948,2.4813,2.0021,5.0437,2.1570,13.7507,0.9540,2.4552,2.3183,8.2949,2.8096,28.1404,2.5135,2.8102,12.8125,7.3603,5.2084,1.3146,2.3375,1.9587,6.9347,3.6409,3.1540,4.1241,5.3108,0.6256,15.5988,36.6707,2.1798,4.0735,4.0718,3.1444,2.1151,5.2090,0.9687,6.1477,5.3647,7.9742,50.6385,3.3569,2.1092,7.4604,2.0624,1.8398,3.2399,8.5096,1.4438,1.1006,0.0000,3.8140,4.3428,0.2850,16.2158,12.6393,7.1923,7.9217,6.5966,10.0440,6.5637,6.0571,9.4784,6.4703,4.9091,8.5353,16.6016,0.7614,6.6534,30.9660,7.1900,5.4273,20.4016,10.0474,14.8603,6.6736,1.1872,1.6765,9.7001,10.3429,10.2363,1.6525,0.5284,1.7421,6.8753,2.3114,8.8660,25.0575,5.9576,6.0182,13.6503
0x0057,7.9345,17.0261,5.7796,5.0684,1.8250,6.1776,5.3670,3.9577,5.2178,1.0596,11.4494,2.7420,2.8249,2.9849,4.5449,1.9331,12.9040,2.6490,3.1772,45.1155,2.6985,4.5362,9.1764,1.9325,3.2524,3.9144,6.1708,5.3502,3.3129,7.0355,2.6526,2.3512,29.6482,1.6824,4.9996,5.5791,3.1625,11.1912,11.2509,0.4957,6.9423,17.9333,1.2440,165.7064,1.9596,0.4685,3.0860,9.4789,4.1362,3.2532,5.3748,14.2687,0.6136,3.8140,0.0000,6.3662,1.7009,2.3410,5.8106,11.2683,12.2772,5.9488,2.6346,7.3794,5.8906,5.7827,19.7202,10.8355,10.0641,44.8551,1.9192,6.2167,41.3743,14.6542,2.3908,18.2016,51.1462,9.2285,6.3229,6.8991,7.1903,38.7378,15.7089,17.7830,1.8286,3.6663,0.0484,1.3879,1.3183,9.1665,8.6391,4.1789,11.5243,6.0306
0x0058,1.9176,11.9379,5.6395,3.4258,4.7345,5.7378,2.8514,5.1179,4.2880,3.0960,9.0524,2.8556,2.6908,3.2754,1.8564,25.0109,8.5051,2.0994,4.8065,13.0642,4.4390,10.1013,25.8930,6.2404,18.0822,4.7706,2.3670,5.7294,1.4908,7.1801,2.3558,15.5219,4.7283,4.3739,5.3647,6.8210,3.7810,7.6382,17.0805,2.1823,3.9792,4.5423,0.1271,21.2464,0.5635,0.4740,21.4674,16.6357,19.6178,2.4544,4.9906,32.2577,3.2047,4.3428,6.3662,0.0000,1.6597,0.4890,4.2096,3.1909,2.6590,3.7469,1.2139,2.4110,26.5515,10.6896,32.5605,13.0186,41.0990,65.3842,16.7136,8.3807,9.7829,7.6418,2.8167,14.5863,11.8424,19.4817,53.8182,27.0285,18.1397,129.4319,18.7589,27.3748,12.5167,116.5695,8.7319,0.0635,18.3856,2.7383,10.1095,6.1764,9.8128,1.6769
