0x0000,0x0021,0x0022,0x0023,0x0024,0x0025,0x0026,0x0027,0x0028,0x0029,0x002a,0x002b,0x002c,0x002d,0x002e,0x002f,0x0030,0x0031,0x0032,0x0033,0x0034,0x0035,0x0036,0x0037,0x0038,0x0039,0x003a,0x003b,0x003c,0x003d,0x003e,0x003f,0x0040,0x0041,0x0042,0x0043,0x0044,0x0045,0x0046,0x0047,0x0048,0x0049,0x004a,0x004b,0x004c,0x004d,0x004e,0x004f,0x0050,0x0051,0x0052,0x0053,0x0054,0x0055,0x0056,0x0057,0x0058,0x0059,0x005a,0x005b,0x005c,0x005d,0x005e,0x005f,0x0060,0x0061,0x0062,0x0063,0x0064,0x0065,0x0066,0x0067,0x0068,0x0069,0x006a,0x006b,0x006c,0x006d,0x006e,0x006f,0x0070,0x0071,0x0072,0x0073,0x0074,0x0075,0x0076,0x0077,0x0078,0x0079,0x007a,0x007b,0x007c,0x007d,0x007e
0x0021,0.0000,4.0502,122.1069,40.8419,82.9044,108.7974,5.6372,1.5440,2.9038,15.4012,31.4686,4.2987,17.8891,2.4206,0.1356,5.8996,1.8087,2.1064,2.6225,4.2220,2.3533,3.3139,4.4513,3.0373,2.8012,1.0791,0.8810,68.5914,52.4269,54.6595,5.4842,209.7872,4.6585,3.1334,2.1556,3.6662,3.7741,11.6216,3.7617,3.1860,0.1140,0.3100,3.1512,2.2638,2.7855,5.0575,1.3816,7.6989,2.3334,3.3904,3.0618,1.0465,1.5287,5.2187,5.1152,2.4741,2.7625,1.3992,1.6963,0.7173,3.5895,84.5284,91.5885,1.7393,6.9975,5.3683,3.8445,2.1400,4.9889,0.6088,1.8761,5.0201,0.1291,0.1547,4.5706,0.1142,8.3032,6.6997,9.2163,4.7877,5.3766,3.3708,3.3257,0.9596,6.9666,19.5103,12.3942,4.4678,1.7491,6.8840,12.4961,0.2121,18.0193,154.2607
0x0022,4.0502,0.0000,404.9383,130.3691,1932.9579,580.4227,1.1394,80.8484,68.8481,2.9907,102.4808,1.9516,3.1281,2.0464,111.0285,2.2449,2.2167,2.4488,1.4443,4.0435,2.3439,1.5955,4.7311,4.1306,3.4152,20.5744,37.4853,162.6514,78.5187,134.0325,105.2824,1580.6338,5.4135,4.6588,5.6919,5.7570,1.1313,1.9865,1.6086,10.0387,3.0652,1.8050,6.2827,6.3407,3.1310,8.8600,1.3974,3.0264,1.9542,11.2463,2.4167,3.8511,4.0949,4.4665,3.2118,6.8200,4.8608,6.9994,180.7218,136.6687,200.0893,43.6673,16.3380,0.9300,1.8417,1.8691,1.3786,6.8136,3.6869,3.6959,3.5401,3.6619,3.6299,6.7668,3.6354,3.6953,4.3086,0.9895,2.8307,4.2933,2.4001,2.7143,1.6949,2.4823,0.7295,2.4158,2.2867,1.4711,8.3743,0.8594,399.6093,55.4911,352.7295,19.7994
0x0023,122.1069,404.9383,0.0000,2.8211,7.9110,7.6035,10.2537,7.9837,8.7983,0.9993,2.7059,6.1251,15.2241,3.4401,0.8504,2.8209,33.8183,4.7276,4.9263,8.6851,7.0330,6.5153,21.7854,4.0869,7.5336,5.2104,4.2322,10.4854,5.3848,10.8042,5.4390,15.3992,8.1413,4.3693,2.2605,2.5258,8.2722,18.4645,4.6805,4.1947,46.6382,15.7447,3.5953,57.3955,3.5545,4.4904,2.3602,13.4084,2.3470,5.7872,8.0303,20.5488,3.3162,11.6812,2.7591,5.2279,14.6183,4.2617,5.0079,4.9611,6.0587,4.2144,3.1180,1.6173,11.2328,8.7672,14.2910,6.4764,14.5740,31.6665,4.6109,6.3689,58.7959,18.1351,12.7381,38.6108,4.8976,8.4938,3.8075,9.0464,4.6151,112.0160,21.8450,19.1804,12.6310,31.4103,5.6776,5.5075,12.3564,23.4347,15.8122,4.9316,9.8451,4.0144
0x0024,40.8419,130.3691,2.8211,0.0000,14.9485,3.9161,2.9055,1.8009,1.4741,1.5678,6.2771,9.5827,12.5770,4.7194,1.2458,3.5082,9.4172,4.6236,2.8184,5.6157,2.3547,2.3212,12.3705,3.6145,5.4931,4.0079,1.8371,7.4083,7.6001,4.9232,2.9562,23.1452,10.4147,5.4031,2.6755,2.1259,3.1068,10.5313,2.2654,2.6432,27.8279,13.3090,1.9098,8.9658,8.0828,1.7657,3.0742,16.6380,1.4899,6.1105,1.8556,25.6646,3.2479,8.4071,2.5089,4.3339,13.3783,3.8671,3.2853,0.8070,4.7449,5.9408,4.8962,2.7704,8.6769,4.6766,9.3054,9.0972,26.7171,21.2775,2.6195,5.8404,19.7006,5.1880,8.9736,19.5237,3.7703,4.4228,6.8502,7.5564,4.8998,67.3217,2.4081,10.3164,5.5451,12.4798,4.4575,7.7939,7.3530,18.3150,6.9733,2.2606,8.8570,12.8850
0x0025,82.9044,1932.9579,7.9110,14.9485,0.0000,2.6739,12.1169,2.9857,4.8276,1.5377,1.7328,16.5819,4.6218,12.6475,1.8819,17.2901,39.4804,8.9790,8.3696,73.3316,7.0379,9.6363,51.5377,8.4807,9.3066,6.2452,2.9837,4.4161,4.3713,3.0422,4.9163,4.2482,16.8009,5.7123,3.6336,2.3066,5.4826,35.6917,3.4696,2.2224,131.7483,40.4798,3.0738,63.5235,1.0820,2.8078,3.9460,39.9571,3.8965,7.2956,6.8449,57.6965,4.5149,29.1818,2.9019,3.1972,15.8478,4.6731,3.8508,0.6536,6.8813,2.8664,6.0030,6.6165,38.0592,12.9657,45.9009,15.2111,64.7868,77.0935,14.0363,17.9988,56.7611,43.6966,9.2709,74.4658,5.8783,29.3273,66.5741,18.5329,22.0804,382.6902,25.6424,78.2358,28.6538,81.0265,9.3238,18.3920,22.5700,32.8736,6.1284,4.9557,8.4243,4.4795
0x0026,108.7974,580.4227,7.6035,3.9161,2.6739,0.0000,8.2020,4.1458,1.5275,2.2099,2.5950,2.7439,3.5430,2.7952,2.8562,4.1384,14.5617,7.6115,5.2326,13.2617,6.1200,1.9248,26.5822,2.6673,1.6920,4.1273,3.1455,4.1393,2.0753,4.2919,2.7066,8.8259,7.0120,3.9614,2.4361,2.2707,3.5064,14.5781,1.9204,4.1580,93.5498,19.9707,4.0488,13.0558,5.4161,1.7479,0.8313,21.5955,1.7693,1.8118,2.1640,52.0726,2.5725,17.7795,2.9143,12.9598,41.8269,5.6648,4.3497,1.7918,5.0574,3.9303,2.7966,4.1961,4.2653,6.5133,20.5020,6.5260,16.7686,54.1746,4.4152,6.4738,184.7322,30.0863,11.5838,105.0411,3.1054,13.1268,4.9056,11.8036,7.5149,200.1695,13.4369,51.0806,11.2831,32.0639,9.3973,35.1255,13.1092,25.3526,6.9081,9.2791,3.3138,2.7915
0x0027,5.6372,1.1394,10.2537,2.9055,12.1169,8.2020,0.0000,947.2841,905.1427,306.2742,3652.3708,0.0571,20.3069,6.3580,4797.9092,1.5449,4.1768,7.8301,5.7341,3.3122,5.0315,9.5003,3.1049,2.4826,8.2675,92.0782,377.0944,4971.5576,792.4968,4684.1934,2131.9558,20940.8828,0.6046,3.9199,4.9994,1.8451,3.7366,13.8590,2.2157,3.3718,3.6168,2.9929,2.6290,0.9953,2.3820,2.6945,2.0529,18.1299,3.0409,12.4878,10.6866,18.2499,1.3507,1.8900,3.1634,2.3389,0.6306,18.0837,1151.8805,6782.7129,1085.6991,364.6761,176.0725,2.0748,5.9084,4.7525,3.8526,1.7331,2.6620,6.1142,5.8901,2.3976,4.0698,2.2617,11.9992,15.7483,1.0695,3.6893,4.3343,1.8398,1.8203,5.0024,5.8611,12.3103,3.5004,1.8554,1.9556,2.0937,0.6631,4.6941,4167.6831,1253.3323,4520.8662,153.0289
0x0028,1.5440,80.8484,7.9837,1.8009,2.9857,4.1458,947.2841,0.0000,19.0968,12.0726,22.7371,5.6723,6.3910,1.5161,1.1154,7.2684,3.5354,1.9945,5.3813,2.2527,3.4222,2.5517,11.4166,2.7010,6.5456,0.6995,1.0647,2.9191,54.8896,26.8971,13.1727,71.0062,2.5381,2.9819,1.9732,2.2788,4.7323,6.1455,8.8628,4.7176,1.9427,1.3302,4.2921,1.4423,4.0065,4.2262,2.0850,4.9918,1.7424,3.0693,4.0180,2.6387,3.3953,4.2023,3.4480,5.6262,6.3349,2.8214,0.3630,0.9482,8.8608,14.0444,25.8682,1.5111,5.1288,2.5435,5.9321,4.1966,32.9045,3.3539,2.4255,3.3677,1.1834,0.8599,5.0915,2.2651,8.9550,6.6443,10.3254,2.3484,7.5152,27.8070,7.7352,2.5476,10.5302,4.8645,7.6542,10.6644,8.2269,11.4403,0.1767,0.2503,41.7150,45.6554
0x0029,2.9038,68.8481,8.7983,1.4741,4.8276,1.5275,905.1427,19.0968,0.0000,11.7728,25.9718,6.3926,5.5322,1.0846,0.8779,6.3679,0.8325,3.6540,2.8878,2.8206,6.7933,3.9097,0.3397,3.3234,6.3519,1.4156,0.5049,30.1747,39.1772,7.7186,3.5654,86.2502,7.9630,4.3185,1.7775,5.7844,2.7678,9.7833,4.2627,7.3444,1.3900,0.0668,2.4841,7.7819,5.3955,7.0048,2.8392,7.3052,1.7791,8.0802,2.8337,0.8784,3.9068,3.7743,1.6541,4.3654,4.8129,2.8675,9.5731,1.2080,0.1477,8.2104,13.1013,1.3144,3.5613,5.1754,10.0444,1.8570,6.8511,11.5408,2.3580,2.6960,1.9449,0.0686,4.6547,1.7773,5.9980,13.7695,12.5018,3.8424,2.3338,26.1459,18.6376,22.0257,7.0305,6.0506,11.3004,10.5409,0.9556,5.0026,29.9299,1.5456,0.1454,32.6217
0x002a,15.4012,2.9907,0.9993,1.5678,1.5377,2.2099,306.2742,12.0726,11.7728,0.0000,9.0102,0.8737,3.6881,11.1307,40.9316,1.0435,3.5458,0.9138,1.5234,2.4851,1.3299,1.3516,2.2586,0.7439,1.0256,10.9057,19.5841,22.3353,11.1495,20.6877,14.7173,315.3580,0.7426,1.0256,1.9980,0.9993,1.4221,2.5140,2.6216,3.0115,10.6065,12.3444,2.1468,6.0172,1.9697,3.9676,1.7624,2.7461,2.0926,1.4526,1.1036,7.2458,0.9758,2.0489,1.5662,1.7023,2.4833,1.8646,64.2887,36.9223,38.5276,9.7651,2.4179,1.2918,1.0976,2.7241,1.7462,2.0601,1.8328,3.3301,1.7594,1.9630,13.0016,10.0977,1.2493,12.1218,2.9372,1.9454,1.4276,2.7679,2.8090,9.2327,1.7351,2.0574,2.3000,4.8381,0.9822,1.0309,2.2963,2.4200,51.6162,25.4045,50.7246,14.0970
0x002b,31.4686,102.4808,2.7059,6.2771,1.7328,2.5950,3652.3708,22.7371,25.9718,9.0102,0.0000,7.3893,5.4069,5.3721,2.8301,10.7116,30.3563,22.5797,10.5367,2.4033,12.4670,8.2005,20.0919,6.4735,5.9823,4.4209,6.7957,27.5943,33.6262,25.0403,9.7924,134.0952,14.5332,16.2659,6.6720,5.4125,11.0824,19.6668,3.8546,10.7001,17.8430,17.7685,10.9254,31.3536,14.6141,17.6826,1.4863,14.3942,1.7501,6.2906,12.2931,4.2389,3.9776,18.7252,4.7399,9.7697,10.2211,23.3730,5.8803,4.2041,25.7512,5.5703,4.7950,6.0920,16.3780,13.7371,15.6194,13.2336,13.5387,12.1149,8.8933,31.0946,42.5568,13.2102,9.7927,40.9172,6.1635,18.9540,10.8502,20.5783,15.1258,80.3364,24.1703,25.7839,32.2910,29.9261,4.6037,24.5241,13.7310,62.9231,23.7065,8.8705,19.0130,7.3031
0x002c,4.2987,1.9516,6.1251,9.5827,16.5819,2.7439,0.0571,5.6723,6.3926,0.8737,7.3893,0.0000,20.2733,13.2207,4961.8872,1.7652,2.3222,2.3612,6.6453,5.0005,4.0686,4.9671,1.7819,2.5904,8.3876,197.7606,601.4315,3460.2151,899.8288,4854.3560,3089.5356,14996.4404,1.4417,6.5287,3.0428,1.2258,2.6330,7.3194,1.4441,4.3343,8.1495,4.0312,3.0422,1.3470,2.3341,2.8516,1.0356,16.6390,1.9355,5.6513,5.8563,8.5262,1.7537,0.9232,3.4966,1.3350,0.9053,4.0889,2664.2432,5931.2451,1264.4016,256.5699,128.4989,1.2201,7.2042,5.1257,4.0867,2.2735,2.6945,8.2129,7.3765,3.1637,7.2333,5.8980,6.2184,5.5364,4.3743,3.6291,2.8721,7.2848,2.3938,13.0935,5.5196,5.6931,2.0425,1.4007,2.4831,6.2224,0.6669,3.3230,3761.7585,2114.3062,5715.4795,104.6403
0x002d,17.8891,3.1281,15.2241,12.5770,4.6218,3.5430,20.3069,6.3910,5.5322,3.6881,5.4069,20.2733,0.0000,0.1603,6336.3862,12.1649,1.1442,3.9359,5.3030,6.3646,12.3812,2.6160,0.8283,4.5428,9.1339,70.4282,303.1411,5045.6543,1313.0911,2956.9817,2881.6743,11660.5000,5.7625,4.6189,2.8147,1.4728,2.8252,5.9009,2.8598,11.5252,10.3912,2.5984,2.5896,0.9553,2.1368,8.4888,2.8257,1.6883,8.4516,5.9400,8.5269,1.4500,2.1029,2.4617,5.2632,6.5457,2.7397,0.7444,675.4266,8066.1538,2565.8865,390.7851,3.1555,1.5767,4.4695,13.1177,1.4166,17.3006,11.9823,9.9829,3.2692,17.0371,31.2158,17.5731,5.9310,3.5074,20.2206,6.2025,4.9236,2.7342,11.7236,2.1914,4.7524,2.6547,2.7993,7.5354,4.8658,1.8830,3.8214,3.1633,4632.7490,483.9256,6160.6694,34.6321
0x002e,2.4206,2.0464,3.4401,4.7194,12.6475,2.7952,6.3580,1.5161,1.0846,11.1307,5.3721,13.2207,0.1603,0.0000,17076.0273,2.0060,3.3965,3.6479,3.8267,1.7096,3.7702,3.8463,4.8969,5.6815,1.8861,42.7965,610.4956,21748.1191,6759.8867,21842.4980,10931.8184,80406.9609,4.0452,1.9244,2.2457,1.4904,2.2434,1.6915,1.0471,2.5824,0.2768,2.2423,5.8960,1.0489,10.4167,1.9010,1.6863,5.4471,1.1716,3.3027,2.5021,1.5081,5.7653,1.8880,3.6919,5.3309,2.6715,2.3790,3824.0654,16025.0049,4924.5654,2548.2993,129.4872,6.5349,6.3218,4.6178,2.6430,2.7685,3.3287,1.9464,2.1290,4.7854,1.3889,3.9134,1.9061,0.9825,2.2290,6.6908,4.4783,1.9566,0.8961,1.0538,4.4025,5.4984,6.2310,1.6076,3.1163,4.2841,2.0575,4.2307,12128.1514,460.5860,16053.2959,280.4625
0x002f,0.1356,111.0285,0.8504,1.2458,1.8819,2.8562,4797.9092,1.1154,0.8779,40.9316,2.8301,4961.8872,6336.3862,17076.0273,0.0000,1.6276,0.6296,1.6303,1.6132,1.6729,2.2301,2.4640,5.9554,1.1832,2.3718,0.9792,0.4493,33.5869,50.0010,39.1055,5.0629,82.4175,3.0103,2.4630,1.3468,0.9953,1.0768,3.4802,1.4675,0.7982,0.1872,0.0358,1.7453,6.4660,2.7182,2.8902,0.7086,3.7377,1.1470,2.0352,1.5996,3.8981,2.3864,1.8817,2.4190,5.2906,1.3873,2.8384,0.3188,0.3104,0.6816,40.2381,11.4330,1.0915,3.1716,2.2807,8.7811,1.5982,7.0610,0.1671,0.9130,2.6459,0.0259,0.0585,1.3810,0.0776,2.5213,5.8771,6.8997,1.3594,3.4268,5.5291,16.2390,6.2021,6.4414,16.8126,9.4905,6.6994,4.1661,7.1161,9.2034,0.1861,10.7542,103.7610
0x0030,5.8996,2.2449,2.8209,3.5082,17.2901,4.1384,1.5449,7.2684,6.3679,1.0435,10.7116,1.7652,12.1649,2.0060,1.6276,0.0000,6.2732,3.4957,0.8777,3.3057,1.4990,0.1578,2.9062,0.6476,0.7898,3.4930,3.7555,5.3615,4.9390,3.4878,2.0510,8.3495,5.4367,0.3537,1.2106,0.4604,1.9876,3.0140,4.8398,3.9271,2.6714,5.8662,9.2391,5.6146,5.7469,2.2135,0.0775,1.9523,0.3448,3.7598,2.8622,11.4278,1.1903,6.7420,15.1482,11.7896,10.2672,8.1052,7.1597,2.5474,7.7161,4.6290,1.3374,11.6853,0.4253,2.6999,0.9913,2.3275,0.2196,1.4717,1.9679,5.0219,3.8658,9.0693,6.5111,4.1056,8.9164,0.3368,0.0492,14.6827,2.5592,3.7944,0.9577,3.7713,0.8352,5.1150,2.0790,8.3655,6.7554,2.1558,13.6747,6.9159,16.1763,2.9842
0x0031,1.8087,2.2167,33.8183,9.4172,39.4804,14.5617,4.1768,3.5354,0.8325,3.5458,30.3563,2.3222,1.1442,3.3965,0.6296,6.2732,0.0000,0.3514,6.6285,6.5474,5.6332,5.6800,11.0583,5.5813,10.9950,2.1502,1.1577,6.5120,6.1149,2.9307,3.2913,57.8712,14.6024,6.2959,5.7205,9.2905,7.1406,12.7874,14.2288,27.9431,0.7330,1.0262,17.5767,1.3388,33.2580,14.1743,7.8941,10.2763,22.9741,8.9576,6.1387,11.4828,12.4959,30.1378,87.6928,7.0283,25.2843,1.2505,1.6638,0.4390,1.8487,16.1188,1.9691,4.8803,3.8801,15.7919,2.3966,7.3474,2.5701,5.8066,6.5502,20.5056,1.0631,0.6119,17.1673,1.0620,18.3692,5.1545,2.6861,19.6532,6.8011,13.3276,5.2692,11.2175,5.0637,27.3352,30.9035,6.6241,17.9634,0.2424,16.0995,3.0081,0.7822,7.1223
0x0032,2.1064,2.4488,4.7276,4.6236,8.9790,7.6115,7.8301,1.9945,3.6540,0.9138,22.5797,2.3612,3.9359,3.6479,1.6303,3.4957,0.3514,0.0000,0.7202,13.6498,2.8924,4.0669,2.0602,1.3820,1.1726,1.1537,1.4358,2.5897,2.5470,8.2072,0.5717,19.1769,2.8144,2.1118,2.1711,4.1233,2.2889,1.4668,8.3187,4.1049,1.0221,2.8619,5.1797,1.6674,5.2243,4.9730,4.0252,3.7063,3.7170,1.5454,1.9698,13.2809,5.6768,7.0221,21.1586,1.8820,2.7942,0.3752,4.9869,1.6169,2.9642,9.5221,0.9856,7.1688,0.8356,4.8004,0.3806,2.9983,0.8012,3.9889,2.1050,2.4392,1.8026,1.3819,1.0999,0.8690,13.4705,1.1009,1.1805,2.6794,1.7358,1.5620,0.7401,1.6377,3.2569,2.3353,4.3242,0.5456,2.5466,0.2038,10.7548,4.3831,3.8946,3.8217
0x0033,2.6225,1.4443,4.9263,2.8184,8.3696,5.2326,5.7341,5.3813,2.8878,1.5234,10.5367,6.6453,5.3030,3.8267,1.6132,0.8777,6.6285,0.7202,0.0000,7.7323,0.4606,1.0611,3.0117,0.9381,0.3943,1.2277,1.4336,9.8283,5.8132,3.0583,0.9710,15.8224,5.4209,0.2760,3.5844,2.1114,1.4879,3.0160,0.9540,6.1600,2.5458,3.0882,11.2864,3.3615,7.5986,4.7990,2.7456,3.6279,5.4975,1.0020,0.2871,7.7871,5.3092,5.7355,12.8595,4.4354,2.2662,2.1083,6.9864,1.7534,2.9093,10.8824,1.6138,3.1224,0.8437,2.8853,1.7283,8.2816,4.3384,4.2168,2.4011,3.8599,1.5582,4.8252,3.7646,2.1850,11.1936,2.1433,1.4341,2.6197,5.6558,1.9161,0.3175,4.2623,2.4519,3.6178,4.7077,2.4886,0.6949,1.4036,14.1879,4.4819,3.2260,19.5618
0x0034,4.2220,4.0435,8.6851,5.6157,73.3316,13.2617,3.3122,2.2527,2.8206,2.4851,2.4033,5.0005,6.3646,1.7096,1.6729,3.3057,6.5474,13.6498,7.7323,0.0000,16.4969,12.3254,20.9710,13.9840,20.8420,6.2394,2.8438,4.7744,15.2037,12.9985,10.1160,41.5189,5.1611,32.8149,10.3929,20.4967,20.6006,12.9804,22.5896,24.4006,2.8409,2.9177,46.2229,3.8563,49.0265,25.3656,20.1810,33.2180,27.3986,27.1047,12.2301,27.6693,16.3214,27.1585,70.1230,41.5227,32.5439,58.1867,7.5184,4.2396,4.1305,3.3972,2.0595,4.9390,5.4440,13.1079,2.8837,2.7760,3.9070,10.5084,11.5512,17.1527,2.6023,2.5859,27.4628,2.8364,21.7539,12.5813,6.2167,28.6060,5.5360,4.6582,3.9766,13.0906,12.3375,10.5848,25.3249,14.2197,29.9060,13.8837,10.5429,5.4569,7.8048,4.0438
0x0035,2.3533,2.3439,7.0330,2.3547,7.0379,6.1200,5.0315,3.4222,6.7933,1.3299,12.4670,4.0686,12.3812,3.7702,2.2301,1.4990,5.6332,2.8924,0.4606,16.4969,0.0000,0.1943,4.1481,0.3622,0.2823,4.2123,1.8988,4.1870,7.1874,6.0896,3.6386,18.5849,3.9945,0.7399,2.0787,1.3026,1.4221,1.0750,1.3548,3.1516,2.2335,4.3144,6.3833,2.7940,10.2794,2.1797,2.7011,3.2675,3.3921,1.6372,0.0964,9.7882,2.5915,8.3995,16.7153,9.6453,3.3589,5.1204,5.0497,1.5398,3.6655,5.0103,11.2758,2.9609,0.7791,2.5578,1.5232,2.0765,1.5782,1.6928,1.3772,2.5437,2.2747,4.2722,3.4645,2.1839,20.0507,1.8475,0.7330,2.1592,3.3327,1.7916,0.1680,2.3588,1.1212,6.0208,8.6434,2.2680,1.4515,2.8658,7.6092,3.6721,7.2596,10.0710
0x0036,3.3139,1.5955,6.5153,2.3212,9.6363,1.9248,9.5003,2.5517,3.9097,1.3516,8.2005,4.9671,2.6160,3.8463,2.4640,0.1578,5.6800,4.0669,1.0611,12.3254,0.1943,0.0000,6.3478,0.1202,0.7619,1.6984,1.2139,3.4430,7.0059,10.4160,6.9614,13.1374,2.4401,0.2826,2.2337,2.4229,1.5142,2.9894,2.4438,3.6347,1.8754,11.3294,5.1311,2.2798,6.7122,2.4303,2.1384,6.5511,6.4561,1.0567,0.3568,8.5100,2.4105,7.0213,24.8847,14.4182,6.9926,10.8522,6.1649,5.0540,2.6796,4.5830,8.9843,5.2151,1.1873,5.3948,0.4231,1.0453,0.7357,1.9605,1.1583,10.7151,3.5257,6.3298,8.1118,2.7195,11.1284,1.1309,0.4129,2.6622,6.1955,5.0158,0.2115,3.0103,2.4382,7.5280,3.6321,7.3319,4.6690,3.3007,6.7894,4.8168,13.5300,11.1824
0x0037,4.4513,4.7311,21.7854,12.3705,51.5377,26.5822,3.1049,11.4166,0.3397,2.2586,20.0919,1.7819,0.8283,4.8969,5.9554,2.9062,11.0583,2.0602,3.0117,20.9710,4.1481,6.3478,0.0000,13.6167,5.8630,3.1334,2.9602,15.6658,4.3433,0.8372,0.0771,47.7393,33.8400,20.3302,14.5051,15.1448,14.0565,4.1837,20.3584,21.9476,1.2046,4.9135,30.9686,29.5547,47.5569,29.7647,16.3977,2.2222,30.2414,18.0781,12.5261,0.5899,11.2946,6.7030,25.4371,19.0622,1.9873,29.2711,4.4442,2.9449,1.9033,5.5259,2.0427,2.7065,1.9912,11.9101,4.5784,11.6155,3.1444,4.4186,3.1403,10.8050,5.2623,2.8630,11.9106,3.2237,34.0429,5.6816,5.1035,11.5605,10.3260,1.4556,9.6964,9.3402,5.7906,1.1058,15.1850,3.3197,0.3571,5.5420,33.3342,4.6098,3.0194,19.7074
0x0038,3.0373,4.1306,4.0869,3.6145,8.4807,2.6673,2.4826,2.7010,3.3234,0.7439,6.4735,2.5904,4.5428,5.6815,1.1832,0.6476,5.5813,1.3820,0.9381,13.9840,0.3622,0.1202,13.6167,0.0000,0.6174,1.7848,1.0264,3.0816,5.4224,2.5934,4.4662,11.9952,2.1050,0.0772,2.2509,0.9296,1.0682,1.0869,3.4819,3.0107,1.9373,7.9356,3.4739,1.2309,3.5413,2.2554,1.3673,4.9817,4.8266,0.6360,0.6974,8.3727,2.0360,3.4449,23.5196,6.3351,3.7228,2.3394,3.5750,1.2501,3.3235,8.7471,5.6927,1.2336,0.1074,1.1032,0.4173,1.2462,0.2235,6.0088,0.7687,1.1794,1.8703,6.1333,3.6315,1.3691,12.0141,0.4055,0.4609,3.2508,0.7229,3.4443,0.2532,0.9875,0.4847,1.0215,1.7570,2.9996,1.6832,1.5692,15.0934,5.3188,5.6170,12.1893
0x0039,2.8012,3.4152,7.5336,5.4931,9.3066,1.6920,8.2675,6.5456,6.3519,1.0256,5.9823,8.3876,9.1339,1.8861,2.3718,0.7898,10.9950,1.1726,0.3943,20.8420,0.2823,0.7619,5.8630,0.6174,0.0000,1.5632,2.3524,7.5655,6.4108,1.8690,2.4443,22.6053,3.8071,0.6168,5.8555,2.2764,4.0073,1.4076,4.8915,5.1722,2.4989,4.0463,10.9518,5.1288,3.7482,2.2247,3.5403,1.3454,5.7840,3.4658,0.2523,8.1449,2.6256,3.5757,25.0163,19.3723,8.4748,10.9204,4.7052,3.1134,8.2527,9.5748,6.1637,9.2915,1.4537,4.3584,1.1823,3.8142,2.4683,5.6841,0.2428,2.4310,2.4795,9.8105,6.9780,5.0348,14.5041,0.7721,0.4529,0.9855,5.0895,2.9095,0.4664,2.5556,1.6839,2.2949,2.2702,9.3561,2.1683,3.5279,12.2075,8.4150,15.5291,8.8741
0x003a,1.0791,20.5744,5.2104,4.0079,6.2452,4.1273,92.0782,0.6995,1.4156,10.9057,4.4209,197.7606,70.4282,42.7965,0.9792,3.4930,2.1502,1.1537,1.2277,6.2394,4.2123,1.6984,3.1334,1.7848,1.5632,0.0000,0.1784,132.4190,159.1857,179.9419,55.2486,1482.7512,3.8891,2.1430,3.2617,4.5716,1.6736,4.8105,3.4183,1.6430,0.6648,1.4175,5.6608,2.9918,3.2469,4.3321,4.9315,4.4231,5.6546,3.3512,2.3653,4.7556,2.9941,7.2417,2.9802,3.6104,3.6584,1.7355,47.1183,30.7952,50.3890,266.2248,181.3660,13.5139,3.2169,6.0592,1.3466,5.7218,2.8939,2.3996,6.0019,3.7124,0.4882,2.6235,3.4047,1.6462,3.4255,5.8846,3.6955,3.2296,3.0783,2.7320,1.6365,2.8014,3.5443,5.9637,6.7078,4.2534,1.7564,1.6607,112.3272,21.2499,140.1107,87.3857
0x003b,0.8810,37.4853,4.2322,1.8371,2.9837,3.1455,377.0944,1.0647,0.5049,19.5841,6.7957,601.4315,303.1411,610.4956,0.4493,3.7555,1.1577,1.4358,1.4336,2.8438,1.8988,1.2139,2.9602,1.0264,2.3524,0.1784,0.0000,119.8616,181.1640,102.4221,16.6543,526.8276,8.2712,1.9828,1.6082,3.3659,1.6576,7.2189,2.4431,0.5649,0.3857,0.5290,4.4673,3.8480,10.5664,2.8043,3.0506,8.0426,1.7997,3.6986,1.6239,5.1162,4.8382,7.0894,4.0042,1.2869,2.3734,2.6502,22.4228,17.4064,10.2695,50.2308,117.6513,5.4108,3.9930,4.2668,2.5013,1.6974,2.5855,1.7002,2.9782,4.6825,0.2283,0.6525,5.9240,0.2601,3.6508,6.8139,5.3250,5.5633,3.6234,2.9548,2.4079,5.3957,5.1909,15.9340,13.6765,3.8450,3.0120,3.4671,61.9776,4.1945,34.6585,171.5648
0x003c,68.5914,162.6514,10.4854,7.4083,4.4161,4.1393,4971.5576,2.9191,30.1747,22.3353,27.5943,3460.2151,5045.6543,21748.1191,33.5869,5.3615,6.5120,2.5897,9.8283,4.7744,4.1870,3.4430,15.6658,3.0816,7.5655,132.4190,119.8616,0.0000,2.8723,48.5488,7.5100,73.1422,3.4743,4.1017,3.1887,4.6864,3.9681,5.5318,2.2144,3.1158,45.9893,26.2487,2.1586,1.6779,1.7882,4.6638,2.2687,8.9226,3.6817,3.7791,6.8027,7.6324,1.6660,2.8589,2.5833,7.0774,4.7337,4.4998,13.9561,19.0555,27.8201,2.9331,2.5065,3.1978,7.0249,9.1925,1.5824,2.3021,2.1793,11.6164,4.5511,4.2693,58.6259,55.7990,16.8683,59.4466,2.6510,5.5721,4.7376,5.6761,2.0154,35.5592,13.7813,4.4365,5.2752,5.7060,9.0486,5.9364,4.2285,6.0815,10.6577,28.1422,68.5957,5.9282
0x003d,52.4269,78.5187,5.3848,7.6001,4.3713,2.0753,792.4968,54.8896,39.1772,11.1495,33.6262,899.8288,1313.0911,6759.8867,50.0010,4.9390,6.1149,2.5470,5.8132,15.2037,7.1874,7.0059,4.3433,5.4224,6.4108,159.1857,181.1640,2.8723,0.0000,16.0383,38.6188,116.6107,7.5885,2.5344,0.9476,2.5502,4.8706,3.4558,1.5829,2.8443,41.9449,16.2000,3.3453,24.7098,3.9954,1.3389,2.2796,9.0629,3.0309,2.3329,2.4962,5.4500,2.4288,3.7212,2.4742,3.0483,11.0229,1.3846,111.4682,141.3467,145.3661,4.3971,4.6510,9.4559,2.6449,4.0120,3.7889,5.5945,4.6521,31.3200,4.2094,2.4408,48.0470,20.4605,5.1442,53.2565,1.0210,3.0235,2.6405,3.4541,3.6657,19.5192,8.7328,12.6130,2.6324,8.9381,3.1367,2.0723,7.6075,1.1864,170.0733,156.2431,190.4853,7.8196
0x003e,54.6595,134.0325,10.8042,4.9232,3.0422,4.2919,4684.1934,26.8971,7.7186,20.6877,25.0403,4854.3560,2956.9817,21842.4980,39.1055,3.4878,2.9307,8.2072,3.0583,12.9985,6.0896,10.4160,0.8372,2.5934,1.8690,179.9419,102.4221,48.5488,16.0383,0.0000,4.9432,72.7836,3.2087,2.9035,2.6019,2.9716,12.3554,5.2102,3.5986,3.3594,46.2849,12.3483,3.6446,3.2440,4.5076,2.8545,2.5026,4.4852,5.1458,3.2077,4.9423,5.3646,3.2872,4.9507,2.9966,2.7929,3.4429,3.0618,20.7265,17.5809,12.3024,1.9999,1.1044,2.9588,4.5314,1.6235,11.6042,7.4968,21.2371,20.9398,6.6187,3.4299,52.0642,28.9965,5.0925,65.7435,2.1670,2.4290,4.9305,1.9110,10.4135,39.4479,5.5008,12.8873,4.6929,7.9645,5.1643,1.9047,2.7526,7.9601,63.2923,30.0435,14.5845,9.3765
0x003f,5.4842,105.2824,5.4390,2.9562,4.9163,2.7066,2131.9558,13.1727,3.5654,14.7173,9.7924,3089.5356,2881.6743,10931.8184,5.0629,2.0510,3.2913,0.5717,0.9710,10.1160,3.6386,6.9614,0.0771,4.4662,2.4443,55.2486,16.6543,7.5100,38.6188,4.9432,0.0000,73.4106,7.6066,2.4164,1.2538,0.9564,1.3940,2.8994,4.2427,1.7817,15.8308,13.0076,6.4611,14.5831,8.8267,4.9100,2.9446,0.5478,1.1646,0.6603,5.0656,1.0774,4.0034,2.5168,3.0856,2.3061,0.6904,0.5373,9.9567,2.5255,2.6927,12.5582,9.7498,1.8665,4.3289,4.7593,3.3120,1.9416,3.2877,2.5835,0.9745,3.8535,3.2974,3.4942,2.9719,13.0210,5.3787,3.1516,4.9237,1.2858,3.2994,6.8502,12.8700,2.8705,6.2171,1.2359,12.6462,4.5051,0.4792,3.3192,27.8492,5.7007,3.0959,23.4046
0x0040,209.7872,1580.6338,15.3992,23.1452,4.2482,8.8259,20940.8828,71.0062,86.2502,315.3580,134.0952,14996.4404,11660.5000,80406.9609,82.4175,8.3495,57.8712,19.1769,15.8224,41.5189,18.5849,13.1374,47.7393,11.9952,22.6053,1482.7512,526.8276,73.1422,116.6107,72.7836,73.4106,0.0000,39.2136,21.5976,6.1752,5.5814,9.2082,46.4761,6.0809,18.7519,197.0227,81.6416,13.4338,66.0222,5.6195,6.4071,2.9787,36.7586,4.0332,14.1923,8.6813,63.8602,6.3897,29.7810,4.8425,15.9855,71.4675,9.7893,2.3767,1.5135,2.7892,2.1266,3.1157,3.5030,40.9334,17.4324,52.5106,15.2481,33.6198,122.2300,8.5102,22.9698,201.5664,61.4156,17.6367,205.1476,8.0655,37.7677,21.7402,10.1339,9.6890,293.7850,44.9676,79.2456,25.3600,102.5217,21.8644,32.4952,43.0502,55.0679,3.6740,1.6565,4.1610,3.6901
0x0041,4.6585,5.4135,8.1413,10.4147,16.8009,7.0120,0.6046,2.5381,7.9630,0.7426,14.5332,1.4417,5.7625,4.0452,3.0103,5.4367,14.6024,2.8144,5.4209,5.1611,3.9945,2.4401,33.8400,2.1050,3.8071,3.8891,8.2712,3.4743,7.5885,3.2087,7.6066,39.2136,0.0000,2.9169,9.1033,5.7018,3.6034,4.8991,5.6241,4.4957,4.6100,14.6676,2.3889,1.0964,16.3715,6.6863,7.2892,4.9047,14.1632,0.6889,4.5978,30.2389,9.8433,20.9607,33.3547,11.9548,36.8415,10.5388,4.6997,4.3497,12.5526,2.6468,6.0924,3.7612,4.9107,1.9373,9.2929,4.1520,9.9966,57.9498,12.3588,1.0247,141.9483,34.1635,3.9283,56.8762,3.4190,1.5564,9.8066,7.9602,7.0962,138.0020,11.2177,38.0469,14.7738,69.9717,3.4039,11.2007,37.0145,9.5331,7.5459,6.3906,8.2190,7.0964
0x0042,3.1334,4.6588,4.3693,5.4031,5.7123,3.9614,3.9199,2.9819,4.3185,1.0256,16.2659,6.5287,4.6189,1.9244,2.4630,0.3537,6.2959,2.1118,0.2760,32.8149,0.7399,0.2826,20.3302,0.0772,0.6168,2.1430,1.9828,4.1017,2.5344,2.9035,2.4164,21.5976,2.9169,0.0000,1.2102,1.8616,1.2503,0.9133,2.1801,0.9530,2.9338,16.2889,1.4763,0.7393,2.0458,0.9575,0.8158,2.3211,1.6940,0.3119,0.2427,8.2621,0.9351,4.1392,7.6361,5.3287,4.7456,3.1976,6.0360,1.9162,8.0367,2.7086,2.8825,2.6291,1.0044,1.3533,5.2865,0.9822,2.0244,29.9078,0.8111,0.9686,32.3215,26.0168,2.2562,34.2268,4.1801,2.2409,0.8412,1.2642,6.0644,97.3391,1.1804,15.9633,6.7737,20.4296,7.6949,10.3067,4.6197,7.5774,8.8791,6.1335,6.4279,19.8462
0x0043,2.1556,5.6919,2.2605,2.6755,3.6336,2.4361,4.9994,1.9732,1.7775,1.9980,6.6720,3.0428,2.8147,2.2457,1.3468,1.2106,5.7205,2.1711,3.5844,10.3929,2.0787,2.2337,14.5051,2.2509,5.8555,3.2617,1.6082,3.1887,0.9476,2.6019,1.2538,6.1752,9.1033,1.2102,0.0000,0.6537,0.8351,1.9882,0.8599,2.7910,2.3415,3.6508,3.3139,1.3705,3.2336,3.3140,0.2539,4.8019,1.8498,0.7411,1.2469,5.7299,1.0518,5.2935,6.8378,2.4014,4.0137,2.1327,4.3498,1.5822,3.3124,5.7185,2.4974,2.2761,3.9356,3.8941,0.0812,1.9727,2.9680,31.4003,1.2378,6.6585,31.5605,14.5527,9.8540,33.3355,3.1794,9.2851,1.0290,3.7112,3.4161,197.7786,8.1585,21.8317,2.6784,24.5450,5.9458,7.9545,10.7492,6.3692,8.2666,1.3529,8.0188,5.5995
0x0044,3.6662,5.7570,2.5258,2.1259,2.3066,2.2707,1.8451,2.2788,5.7844,0.9993,5.4125,1.2258,1.4728,1.4904,0.9953,0.4604,9.2905,4.1233,2.1114,20.4967,1.3026,2.4229,15.1448,0.9296,2.2764,4.5716,3.3659,4.6864,2.5502,2.9716,0.9564,5.5814,5.7018,1.8616,0.6537,0.0000,1.2254,2.1918,1.8043,1.4681,1.8192,6.8805,1.9288,1.9683,2.1044,0.6905,0.1060,1.0368,0.2964,1.5157,0.6516,4.7768,0.6265,3.5044,4.8972,2.8631,3.1969,1.9182,3.2451,1.1732,4.7536,3.8672,2.9197,5.3479,12.8017,1.2089,6.0133,5.3967,4.2179,29.8159,3.2426,4.3158,50.8324,29.6078,4.5733,39.4736,4.8370,3.9241,1.0558,3.1711,8.5273,106.0468,7.0084,38.7250,3.7661,33.2475,3.6451,10.7924,14.9117,7.8013,15.2377,3.2311,4.1482,2.0028
0x0045,3.7741,1.1313,8.2722,3.1068,5.4826,3.5064,3.7366,4.7323,2.7678,1.4221,11.0824,2.6330,2.8252,2.2434,1.0768,1.9876,7.1406,2.2889,1.4879,20.6006,1.4221,1.5142,14.0565,1.0682,4.0073,1.6736,1.6576,3.9681,4.8706,12.3554,1.3940,9.2082,3.6034,1.2503,0.8351,1.2254,0.0000,1.6876,1.3994,1.8438,2.8202,4.3565,5.4775,3.8980,4.8649,1.4195,2.1578,0.7944,4.8195,0.7795,0.4352,7.8323,1.8390,5.3314,10.4878,5.2470,3.1519,1.8398,4.7870,2.9762,3.2221,4.1476,4.6329,2.1235,3.9823,10.4549,3.3322,2.3675,2.2026,20.8149,1.4678,2.6571,42.5452,12.2177,2.7794,18.6059,7.2793,2.2879,5.4066,4.9454,1.6785,72.4688,1.6128,25.2699,2.5649,14.8233,6.0794,7.7762,7.0535,7.0513,11.0269,4.6469,6.8896,5.3119
0x0046,11.6216,1.9865,18.4645,10.5313,35.6917,14.5781,13.8590,6.1455,9.7833,2.5140,19.6668,7.3194,5.9009,1.6915,3.4802,3.0140,12.7874,1.4668,3.0160,12.9804,1.0750,2.9894,4.1837,1.0869,1.4076,4.8105,7.2189,5.5318,3.4558,5.2102,2.8994,46.4761,4.8991,0.9133,1.9882,2.1918,1.6876,0.0000,14.1844,15.6887,9.7189,16.9683,5.4154,40.3441,35.0768,13.8926,12.0979,0.2125,28.3704,4.6358,2.0653,12.1136,12.6794,8.5135,29.2126,15.5049,4.6117,12.6491,7.9880,3.5695,16.2185,5.3323,8.4271,3.4480,4.7037,1.6675,7.6316,13.7032,8.2172,6.2943,2.1206,5.8017,54.7070,20.5607,1.4758,100.9242,3.6916,3.1733,6.7192,0.4436,7.5504,40.1276,1.4817,7.4325,10.5080,5.1599,9.0857,6.3098,2.7794,5.6689,24.9710,13.5440,12.1879,12.4585
0x0047,3.7617,1.6086,4.6805,2.2654,3.4696,1.9204,2.2157,8.8628,4.2627,2.6216,3.8546,1.4441,2.8598,1.0471,1.4675,4.8398,14.2288,8.3187,0.9540,22.5896,1.3548,2.4438,20.3584,3.4819,4.8915,3.4183,2.4431,2.2144,1.5829,3.5986,4.2427,6.0809,5.6241,2.1801,0.8599,1.8043,1.3994,14.1844,0.0000,3.9669,1.9070,5.1388,6.8941,3.3148,4.0889,2.6675,0.4391,3.3978,1.2433,2.4349,0.4051,5.3094,1.7056,4.7621,4.4760,5.3230,8.5045,5.9602,7.5580,1.8941,4.2743,2.0693,4.4454,2.9361,9.7578,8.6093,10.6225,5.4724,6.9113,35.4891,4.4995,9.0755,61.6077,20.8989,16.7989,41.4249,4.1406,11.1288,4.0931,8.6849,4.2818,77.9248,11.8468,37.4603,12.1542,39.1841,11.0917,14.1780,10.3146,17.8665,9.9112,6.4163,5.8891,1.9110
0x0048,3.1860,10.0387,4.1947,2.6432,2.2224,4.1580,3.3718,4.7176,7.3444,3.0115,10.7001,4.3343,11.5252,2.5824,0.7982,3.9271,27.9431,4.1049,6.1600,24.4006,3.1516,3.6347,21.9476,3.0107,5.1722,1.6430,0.5649,3.1158,2.8443,3.3594,1.7817,18.7519,4.4957,0.9530,2.7910,1.4681,1.8438,15.6887,3.9669,0.0000,1.7144,7.2151,5.5917,3.1545,0.3397,0.7532,3.3283,2.5768,2.8792,0.6074,1.2241,5.9202,0.6761,0.7308,6.7570,3.6508,1.5423,2.9307,8.1521,2.2691,5.8891,2.5673,3.2773,6.6567,5.6140,7.4812,6.2078,6.5466,8.9953,38.2778,5.2137,3.7364,36.3219,30.7036,9.9521,60.0682,3.1379,1.2080,4.8621,6.5204,5.9377,111.5832,13.3039,38.1593,1.7208,14.1324,2.6030,19.1904,7.8373,10.1005,9.1717,4.3669,12.2595,2.7452
0x0049,0.1140,3.0652,46.6382,27.8279,131.7483,93.5498,3.6168,1.9427,1.3900,10.6065,17.8430,8.1495,10.3912,0.2768,0.1872,2.6714,0.7330,1.0221,2.5458,2.8409,2.2335,1.8754,1.2046,1.9373,2.4989,0.6648,0.3857,45.9893,41.9449,46.2849,15.8308,197.0227,4.6100,2.9338,2.3415,1.8192,2.8202,9.7189,1.9070,1.7144,0.0000,1.4127,67.3305,207.1450,81.1371,40.4158,42.8194,102.4989,136.9851,41.5930,33.2173,71.1483,31.7759,97.1637,250.8196,24.8931,30.4667,34.5311,1.7135,0.0589,2.9641,39.9414,83.9251,3.8276,5.1771,2.7839,2.5632,1.6147,6.1459,0.5305,2.0954,3.1681,0.1060,0.1633,2.6638,0.1715,2.2962,3.8255,3.2641,2.9469,3.9306,2.6870,3.8376,1.8766,3.8067,13.7059,5.7155,4.0441,2.3325,2.1931,8.3158,0.1596,12.3472,64.1159
0x004a,0.3100,1.8050,15.7447,13.3090,40.4798,19.9707,2.9929,1.3302,0.0668,12.3444,17.7685,4.0312,2.5984,2.2423,0.0358,5.8662,1.0262,2.8619,3.0882,2.9177,4.3144,11.3294,4.9135,7.9356,4.0463,1.4175,0.5290,26.2487,16.2000,12.3483,13.0076,81.6416,14.6676,16.2889,3.6508,6.8805,4.3565,16.9683,5.1388,7.2151,1.4127,0.0000,24.1659,52.2288,43.0577,41.9923,28.3191,38.1013,26.9366,24.8669,13.3245,13.7034,45.0510,39.7269,59.3726,29.9449,33.0448,34.5497,1.4602,0.9215,0.2995,28.3721,53.2739,2.1061,22.0895,12.0070,10.4899,1.4854,25.2845,7.5534,6.1460,7.6859,0.8491,0.0987,14.4267,1.3729,10.4676,24.2987,25.3628,11.7973,5.9626,14.2800,12.1435,7.0503,16.4876,12.6637,30.2389,13.1017,3.9965,14.1873,9.9559,0.1775,0.2968,40.2550
0x004b,3.1512,6.2827,3.5953,1.9098,3.0738,4.0488,2.6290,4.2921,2.4841,2.1468,10.9254,3.0422,2.5896,5.8960,1.7453,9.2391,17.5767,5.1797,11.2864,46.2229,6.3833,5.1311,30.9686,3.4739,10.9518,5.6608,4.4673,2.1586,3.3453,3.6446,6.4611,13.4338,2.3889,1.4763,3.3139,1.9288,5.4775,5.4154,6.8941,5.5917,67.3305,24.1659,0.0000,5.9788,2.0555,0.5215,3.4881,2.5672,7.1799,0.9906,1.2324,5.1276,3.2135,6.9860,9.4517,0.0571,1.1226,0.6722,3.4880,1.9633,5.2659,5.5311,3.0249,4.3363,18.7121,3.3589,18.2950,6.8655,42.4972,40.7900,4.3245,5.1001,112.5048,31.0654,1.3403,52.3143,2.6058,7.3770,20.4036,4.8324,12.8638,101.6417,17.6591,19.3485,13.5891,77.2250,4.2973,0.2524,3.8434,6.9127,5.8081,5.0734,9.7823,4.7802
0x004c,2.2638,6.3407,57.3955,8.9658,63.5235,13.0558,0.9953,1.4423,7.7819,6.0172,31.3536,1.3470,0.9553,1.0489,6.4660,5.6146,1.3388,1.6674,3.3615,3.8563,2.7940,2.2798,29.5547,1.2309,5.1288,2.9918,3.8480,1.6779,24.7098,3.2440,14.5831,66.0222,1.0964,0.7393,1.3705,1.9683,3.8980,40.3441,3.3148,3.1545,207.1450,52.2288,5.9788,0.0000,34.7844,53.5038,17.3679,3.8504,29.3094,17.4935,8.2770,37.8223,26.1605,72.5887,115.4480,25.6997,90.6205,10.7389,2.7744,3.1127,19.4475,11.2065,6.1260,7.4681,2.7950,0.5056,1.3715,2.8907,14.9982,118.0093,2.7904,1.6000,309.9134,63.1438,3.1012,217.3983,5.0825,7.6548,11.1673,4.8474,6.8911,117.8363,7.7294,4.2202,7.2657,161.1014,10.3501,9.8008,16.7761,4.9975,19.2145,8.7339,20.1559,10.5508
0x004d,2.7855,3.1310,3.5545,8.0828,1.0820,5.4161,2.3820,4.0065,5.3955,1.9697,14.6141,2.3341,2.1368,10.4167,2.7182,5.7469,33.2580,5.2243,7.5986,49.0265,10.2794,6.7122,47.5569,3.5413,3.7482,3.2469,10.5664,1.7882,3.9954,4.5076,8.8267,5.6195,16.3715,2.0458,3.2336,2.1044,4.8649,35.0768,4.0889,0.3397,81.1371,43.0577,2.0555,34.7844,0.0000,0.4196,3.3119,7.4881,2.1368,1.2558,2.8841,19.1625,1.4496,2.8570,6.6347,2.4705,3.3516,3.2333,7.8026,3.5465,7.8953,2.6625,5.0645,7.9606,18.1142,5.7816,33.4899,7.0739,9.5844,179.5364,10.1925,3.5127,76.5856,77.4114,9.7803,59.0099,6.4766,6.5871,7.6706,7.6431,13.5879,155.6131,25.3640,92.8660,9.1130,49.7143,11.2119,12.5348,3.3113,15.1640,16.8280,1.6376,17.9007,1.6741
0x004e,5.0575,8.8600,4.4904,1.7657,2.8078,1.7479,2.6945,4.2262,7.0048,3.9676,17.6826,2.8516,8.4888,1.9010,2.8902,2.2135,14.1743,4.9730,4.7990,25.3656,2.1797,2.4303,29.7647,2.2554,2.2247,4.3321,2.8043,4.6638,1.3389,2.8545,4.9100,6.4071,6.6863,0.9575,3.3140,0.6905,1.4195,13.8926,2.6675,0.7532,40.4158,41.9923,0.5215,53.5038,0.4196,0.0000,2.2955,3.2865,2.4398,0.4620,0.9865,9.9017,1.3435,1.8476,1.4249,0.9802,4.6645,4.2373,5.2447,2.4188,7.0533,3.0341,3.3974,6.6363,6.9306,11.4043,7.8790,3.5384,9.3199,56.0874,1.9983,2.6812,55.8759,56.6311,8.5153,54.3777,4.1915,1.6581,6.6376,2.6406,10.0242,135.5775,5.0349,24.8610,3.1680,28.0689,2.0704,4.6476,3.5384,17.8227,11.7842,2.5485,9.3373,3.3747
0x004f,1.3816,1.3974,2.3602,3.0742,3.9460,0.8313,2.0529,2.0850,2.8392,1.7624,1.4863,1.0356,2.8257,1.6863,0.7086,0.0775,7.8941,4.0252,2.7456,20.1810,2.7011,2.1384,16.3977,1.3673,3.5403,4.9315,3.0506,2.2687,2.2796,2.5026,2.9446,2.9787,7.2892,0.8158,0.2539,0.1060,2.1578,12.0979,0.4391,3.3283,42.8194,28.3191,3.4881,17.3679,3.3119,2.2955,0.0000,1.4605,0.1362,3.3329,1.0783,3.7926,0.4920,2.9738,5.8263,4.9551,3.8872,2.4073,5.3079,0.8756,6.1153,2.7496,1.0695,1.8148,5.8853,4.1147,1.5510,2.8085,2.7203,26.4491,0.7150,7.6673,54.6811,19.0234,12.6993,35.3691,1.4587,1.6968,0.3964,2.8045,7.4475,101.8976,11.5415,36.1935,4.5244,40.2665,7.4358,15.8170,9.7087,12.2977,5.7502,2.5464,5.8714,0.4985
0x0050,7.6989,3.0264,13.4084,16.6380,39.9571,21.5955,18.1299,4.9918,7.3052,2.7461,14.3942,16.6390,1.6883,5.4471,3.7377,1.9523,10.2763,3.7063,3.6279,33.2180,3.2675,6.5511,2.2222,4.9817,1.3454,4.4231,8.0426,8.9226,9.0629,4.4852,0.5478,36.7586,4.9047,2.3211,4.8019,1.0368,0.7944,0.2125,3.3978,2.5768,102.4989,38.1013,2.5672,3.8504,7.4881,3.2865,1.4605,0.0000,12.7129,9.2851,6.1525,5.1721,13.8846,6.5659,46.7017,27.1681,4.2915,9.6916,12.4712,3.6364,12.3236,2.9203,4.3291,3.9658,8.7297,1.3153,9.4897,23.1252,15.1973,5.8675,2.2886,1.1233,38.5936,32.6031,1.7134,46.3792,4.0309,0.9352,2.5224,0.0970,9.0111,21.1233,3.1677,6.0398,9.2196,5.2422,6.3381,8.9985,2.4199,11.3166,18.4669,8.3840,14.5524,14.8851
0x0051,2.3334,1.9542,2.3470,1.4899,3.8965,1.7693,3.0409,1.7424,1.7791,2.0926,1.7501,1.9355,8.4516,1.1716,1.1470,0.3448,22.9741,3.7170,5.4975,27.3986,3.3921,6.4561,30.2414,4.8266,5.7840,5.6546,1.7997,3.6817,3.0309,5.1458,1.1646,4.0332,14.1632,1.6940,1.8498,0.2964,4.8195,28.3704,1.2433,2.8792,136.9851,26.9366,7.1799,29.3094,2.1368,2.4398,0.1362,12.7129,0.0000,2.3530,0.7556,2.6342,0.2071,3.3652,2.0456,4.4444,3.3066,2.8737,8.1031,1.0766,3.6474,2.6378,0.9976,3.5510,7.9682,8.1575,10.8866,3.5299,4.6397,57.8146,2.1935,8.8728,116.2059,34.4293,8.7677,102.4057,2.8621,3.0305,1.8920,7.1127,1.8792,190.7478,27.1571,46.0650,2.4886,39.1716,2.2273,16.6746,21.4005,14.8700,7.6413,2.6377,4.4788,1.3655
0x0052,3.3904,11.2463,5.7872,6.1105,7.2956,1.8118,12.4878,3.0693,8.0802,1.4526,6.2906,5.6513,5.9400,3.3027,2.0352,3.7598,8.9576,1.5454,1.0020,27.1047,1.6372,1.0567,18.0781,0.6360,3.4658,3.3512,3.6986,3.7791,2.3329,3.2077,0.6603,14.1923,0.6889,0.3119,0.7411,1.5157,0.7795,4.6358,2.4349,0.6074,41.5930,24.8669,0.9906,17.4935,1.2558,0.4620,3.3329,9.2851,2.3530,0.0000,0.8061,12.0814,2.9239,9.4324,12.6292,2.0974,6.9940,2.2119,7.3477,3.0045,8.4103,2.5373,2.5523,2.2172,3.5330,5.1374,10.8963,7.5465,9.4083,32.3046,1.5171,1.1596,35.1401,22.6803,1.2219,53.3712,7.3692,1.5148,6.2759,4.7032,6.4254,66.4522,4.5209,35.8223,7.1770,18.9113,3.0544,7.8386,11.4401,7.8947,8.4784,5.2807,13.2783,8.6092
0x0053,3.0618,2.4167,8.0303,1.8556,6.8449,2.1640,10.6866,4.0180,2.8337,1.1036,12.2931,5.8563,8.5269,2.5021,1.5996,2.8622,6.1387,1.9698,0.2871,12.2301,0.0964,0.3568,12.5261,0.6974,0.2523,2.3653,1.6239,6.8027,2.4962,4.9423,5.0656,8.6813,4.5978,0.2427,1.2469,0.6516,0.4352,2.0653,0.4051,1.2241,33.2173,13.3245,1.2324,8.2770,2.8841,0.9865,1.0783,6.1525,0.7556,0.8061,0.0000,7.2816,2.3648,7.0955,9.1226,3.3441,8.8479,3.7771,2.7986,1.8751,3.1742,5.9410,7.0352,3.6633,3.1169,2.2081,4.8310,2.1791,5.2379,26.9279,1.1272,3.5719,39.5763,10.1129,4.9849,24.7381,3.5045,4.8115,4.4971,3.6037,4.2170,45.6457,1.0040,13.8550,7.3591,22.2507,2.8219,5.9456,5.8912,11.1330,11.3623,2.6154,9.6892,11.9011
0x0054,1.0465,3.8511,20.5488,25.6646,57.6965,52.0726,18.2499,2.6387,0.8784,7.2458,4.2389,8.5262,1.4500,1.5081,3.8981,11.4278,11.4828,13.2809,7.7871,27.6693,9.7882,8.5100,0.5899,8.3727,8.1449,4.7556,5.1162,7.6324,5.4500,5.3646,1.0774,63.8602,30.2389,8.2621,5.7299,4.7768,7.8323,12.1136,5.3094,5.9202,71.1483,13.7034,5.1276,37.8223,19.1625,9.9017,3.7926,5.1721,2.6342,12.0814,7.2816,0.0000,11.3365,1.9630,22.6861,40.4813,0.3966,37.2374,8.3111,1.1063,3.3183,15.4452,5.7518,3.2529,15.2866,7.8720,13.2556,10.6749,27.8773,7.8629,7.8311,8.1713,21.5948,8.5590,7.1035,155.4765,8.4199,10.8549,9.2100,2.9588,8.0285,7.6728,18.3921,11.8574,3.7416,4.2121,5.2320,9.0943,1.8978,6.5738,4.6865,2.7949,5.3696,10.8392
0x0055,1.5287,4.0949,3.3162,3.2479,4.5149,2.5725,1.3507,3.3953,3.9068,0.9758,3.9776,1.7537,2.1029,5.7653,2.3864,1.1903,12.4959,5.6768,5.3092,16.3214,2.5915,2.4105,11.2946,2.0360,2.6256,2.9941,4.8382,1.6660,2.4288,3.2872,4.0034,6.3897,9.8433,0.9351,1.0518,0.6265,1.8390,12.6794,1.7056,0.6761,31.7759,45.0510,3.2135,26.1605,1.4496,1.3435,0.4920,13.8846,0.2071,2.9239,2.3648,11.3365,0.0000,1.6322,2.3119,4.5430,1.9255,1.7975,4.1688,2.0199,4.1437,1.5958,0.9920,6.0574,7.6957,2.7827,4.6144,3.7749,4.4652,20.5973,2.4433,2.7784,32.3162,34.1303,10.4385,57.4720,2.8658,5.2573,3.6710,5.2672,3.7591,47.5562,14.0102,22.6636,0.1496,10.1962,2.7871,8.3067,2.8307,7.0367,5.4323,4.0937,11.6949,2.9545
0x0056,5.2187,4.4665,11.6812,8.4071,29.1818,17.7795,1.8900,4.2023,3.7743,2.0489,18.7252,0.9232,2.4617,1.8880,1.8817,6.7420,30.1378,7.0221,5.7355,27.1585,8.3995,7.0213,6.7030,3.4449,3.5757,7.2417,7.0894,2.8589,3.7212,4.9507,2.5168,29.7810,20.9607,4.1392,5.2935,3.5044,5.3314,8.5135,4.7621,0.7308,97.1637,39.7269,6.9860,72.5887,2.8570,1.8476,2.9738,6.5659,3.3652,9.4324,7.0955,1.9630,1.6322,0.0000,26.6979,8.8913,0.3979,5.5234,20.5619,3.6668,7.6504,2.5628,1.7290,3.6730,6.7074,5.9711,8.8184,6.2258,6.0482,12.8454,1.7438,9.9613,97.9916,59.7507,8.1619,64.1196,8.4699,10.6214,6.3592,1.9271,2.0475,47.7571,26.4389,17.6564,1.1269,0.1136,7.4812,18.6958,0.8324,9.4597,8.1740,7.9933,8.4320,7.5093
0x0057,5.1152,3.2118,2.7591,2.5089,2.9019,2.9143,3.1634,3.4480,1.6541,1.5662,4.7399,3.4966,5.2632,3.6919,2.4190,15.1482,87.6928,21.1586,12.8595,70.1230,16.7153,24.8847,25.4371,23.5196,25.0163,2.9802,4.0042,2.5833,2.4742,2.9966,3.0856,4.8425,33.3547,7.6361,6.8378,4.8972,10.4878,29.2126,4.4760,6.7570,250.8196,59.3726,9.4517,115.4480,6.6347,1.4249,5.8263,46.7017,2.0456,12.6292,9.1226,22.6861,2.3119,26.6979,0.0000,1.6967,4.0217,3.0417,5.3326,1.9539,5.6091,3.4158,3.7353,4.0968,30.3137,22.0742,26.8524,23.4605,70.7115,88.5216,7.4631,17.9572,96.7534,144.4257,16.1210,147.0566,3.1688,21.2184,23.3427,14.6573,20.8827,235.7311,52.3212,102.5643,14.3412,26.4323,1.4944,26.7818,14.1944,25.3295,4.1311,3.9776,4.9815,4.7825
0x0058,2.4741,6.8200,5.2279,4.3339,3.1972,12.9598,2.3389,5.6262,4.3654,1.7023,9.7697,1.3350,6.5457,5.3309,5.2906,11.7896,7.0283,1.8820,4.4354,41.5227,9.6453,14.4182,19.0622,6.3351,19.3723,3.6104,1.2869,7.0774,3.0483,2.7929,2.3061,15.9855,11.9548,5.3287,2.4014,2.8631,5.2470,15.5049,5.3230,3.6508,24.8931,29.9449,0.0571,25.6997,2.4705,0.9802,4.9551,27.1681,4.4444,2.0974,3.3441,40.4813,4.5430,8.8913,1.6967,0.0000,5.2276,0.7605,2.9755,3.8631,6.8621,2.9516,1.1821,7.2826,28.9354,10.0381,28.9100,6.8215,70.7122,77.6440,4.4051,3.7983,53.3652,53.8770,0.6459,58.8905,4.3817,6.1315,35.9242,11.0658,9.5441,60.6653,14.7254,32.3225,18.4629,94.7774,5.5023,0.0575,4.5323,1.6185,5.7941,4.3727,6.5251,1.6172
